21 1 1070 614 139 158
22 1 999 642 105 120
23 1 971 638 79 91
24 1 946 643 70 80
25 1 918 618 70 80
26 1 894 597 62 71
27 1 866 572 62 71
28 1 870 556 68 78
29 1 857 544 68 78
30 1 844 532 68 78
31 1 819 532 68 78
32 1 819 532 68 78
33 1 831 545 68 78
34 1 831 545 68 78
35 1 831 545 68 78
36 1 856 544 85 97
37 1 871 561 85 97
38 1 907 573 93 106
39 1 939 587 102 116
40 1 964 586 127 145
41 1 980 579 139 159
42 1 1008 582 139 159
43 1 1020 591 123 141
44 1 994 566 123 141
45 1 998 566 123 141
46 1 1084 574 109 125
47 1 1090 581 97 111
48 1 1095 587 86 98
49 1 1081 599 94 107
50 1 1018 618 94 107
51 1 1014 618 94 107
52 1 1021 632 103 117
53 1 1009 621 113 128
54 1 1009 621 113 128
55 1 998 612 124 140
56 1 1005 645 110 124
57 1 990 636 121 136
58 1 994 610 151 170
59 1 994 610 151 170
60 1 994 610 151 170
61 1 991 639 114 129
62 1 991 639 114 129
63 1 1005 630 125 141
64 1 1027 630 95 107
65 1 1067 574 72 81
66 1 971 678 64 72
67 1 1001 703 64 72
68 1 1029 653 80 90
69 1 1014 639 88 99
70 1 1023 644 78 88
71 1 1032 660 59 66
72 1 1042 672 59 66
73 1 1042 672 59 66
74 1 1052 684 59 66
75 1 1062 696 44 50
76 1 1062 696 44 50
77 1 1088 755 44 50
78 1 1091 764 44 50
79 1 1089 689 55 62
80 1 1089 614 55 62
81 1 1139 614 55 62
82 1 1067 542 48 55
83 1 1074 545 42 48
84 1 1081 554 42 48
85 1 1088 563 31 36
86 1 1044 569 31 36
87 1 1100 550 31 36
88 1 1025 575 31 36
89 1 1052 602 27 32
90 1 1031 608 27 32
91 1 985 664 27 32
92 1 1035 589 27 32
93 1 989 620 27 32
94 1 914 670 27 32
95 1 865 697 24 28
96 1 841 699 21 24
97 1 845 678 15 18
98 1 848 681 11 13
99 1 849 683 12 14
100 1 925 611 9 10
101 1 900 636 11 12
102 1 877 663 11 12
103 1 877 663 11 12
104 1 877 662 13 15
105 1 930 590 9 11
106 1 955 565 9 11
107 1 1056 467 6 8
108 1 1032 518 4 6
109 1 1031 443 4 6
110 1 924 518 3 5
111 1 824 594 3 5
112 1 899 694 3 5
113 1 924 795 2 3
114 1 1024 695 2 3
115 1 949 795 2 3
116 1 924 820 2 3
117 1 974 770 2 3
118 1 974 770 2 3
119 1 974 770 2 3
120 1 1024 820 1 2
121 1 974 920 1 2
122 1 999 895 1 2
123 1 999 945 1 2
124 1 999 1020 0 1
