13 1 1138 272 85 69
14 1 1053 259 64 52
15 1 1144 268 48 39
16 1 1049 293 48 39
17 1 1062 300 36 29
18 1 1164 305 27 22
19 1 1164 305 27 22
20 1 1165 306 24 19
21 1 1169 309 24 19
22 1 1097 311 26 20
23 1 1176 314 26 20
24 1 1202 315 23 17
25 1 1156 318 23 17
26 1 1135 296 23 17
27 1 1135 296 23 17
28 1 1135 296 28 21
29 1 1115 300 21 15
30 1 1115 300 21 15
31 1 1094 303 15 11
32 1 1094 303 15 11
33 1 1097 255 15 11
34 1 1073 281 13 9
35 1 1073 306 13 9
36 1 1076 282 13 9
37 1 1029 358 13 9
38 1 1054 358 13 9
39 1 1029 383 13 9
40 1 1054 383 13 9
41 1 1054 383 13 9
42 1 1030 408 11 8
43 1 1030 408 11 8
44 1 1055 433 11 8
45 1 1055 433 11 8
46 1 1031 458 9 7
47 1 1031 458 9 7
48 1 1031 458 9 7
49 1 1031 508 9 7
50 1 1031 533 9 7
51 1 1031 533 9 7
52 1 1031 533 9 7
53 1 1031 533 9 7
54 1 981 558 9 7
55 1 1031 558 9 7
56 1 1031 583 9 7
57 1 1031 583 9 7
58 1 1006 483 9 7
59 1 1031 508 9 7
60 1 1056 608 9 7
61 1 1081 608 9 7
62 1 1106 608 9 7
63 1 1131 608 9 7
64 1 1131 508 9 7
65 1 1131 508 9 7
66 1 1156 508 9 7
67 1 1181 508 9 7
68 1 1206 508 9 7
69 1 1231 508 9 7
70 1 1231 508 9 7
71 1 1257 509 9 7
72 1 1182 434 9 7
73 1 1182 434 9 7
74 1 1182 434 9 7
75 1 1282 434 9 7
76 1 1182 459 9 7
77 1 1183 460 6 5
78 1 1183 460 6 5
79 1 1183 460 6 5
80 1 1183 460 6 5
81 1 1183 460 6 5
82 1 1158 460 6 5
83 1 1158 485 6 5
84 1 1184 511 6 5
85 1 1234 461 5 4
86 1 1310 361 5 4
87 1 1235 261 5 4
88 1 1135 186 5 4
89 1 1035 111 5 4
90 1 986 111 5 4
91 1 911 136 5 4
92 1 911 136 5 4
93 1 811 161 5 4
94 1 811 161 5 4
95 1 811 161 5 4
96 1 811 161 5 4
97 1 811 161 5 4
98 1 811 161 5 4
99 1 811 161 5 4
100 1 811 161 5 4
101 1 811 161 5 4
102 1 811 161 5 4
103 1 711 211 5 4
104 1 761 111 5 4
105 1 761 111 5 4
106 1 736 211 5 4
107 1 711 236 5 4
108 1 711 236 5 4
109 1 611 286 5 4
110 1 611 311 4 3
111 1 506 311 5 3
112 1 607 236 5 3
113 1 607 236 5 3
114 1 607 236 5 3
115 1 607 236 5 3
116 1 607 236 5 3
117 1 532 286 5 3
118 1 532 286 5 3
119 1 583 211 5 3
120 1 583 211 5 3
121 1 583 211 5 3
122 1 583 211 5 3
123 1 583 211 5 3
124 1 583 211 5 3
125 1 508 286 5 3
126 1 533 211 4 2
127 1 476 286 3 1
128 1 401 336 2 0
