56 1 899 570 160 126
57 1 927 617 121 95
58 1 939 647 107 84
59 1 938 687 81 63
60 1 942 715 72 56
61 1 942 740 72 56
62 1 930 725 72 56
63 1 930 725 90 70
64 1 930 725 90 70
65 1 921 737 90 70
66 1 926 741 80 62
67 1 926 741 80 62
68 1 930 769 71 55
69 1 943 779 53 41
70 1 1027 686 40 31
71 1 1029 713 35 27
72 1 1035 717 35 27
73 1 1041 696 35 27
74 1 1041 696 35 27
75 1 1041 696 35 27
76 1 1041 721 35 27
77 1 1041 721 35 27
78 1 1041 721 35 27
79 1 1043 722 31 24
80 1 1043 747 31 24
81 1 1024 751 31 24
82 1 1024 776 31 24
83 1 1024 776 38 30
84 1 1004 755 41 33
85 1 1011 736 41 33
86 1 1036 736 41 33
87 1 1043 742 41 33
88 1 1050 748 41 33
89 1 1057 754 41 33
90 1 1062 783 45 36
91 1 1065 789 45 36
92 1 1068 795 45 36
93 1 965 822 40 32
94 1 922 753 40 32
95 1 929 759 40 32
96 1 929 759 40 32
97 1 936 765 30 24
98 1 942 769 22 18
99 1 945 771 24 19
100 1 948 773 26 20
101 1 948 773 26 20
102 1 952 776 26 20
103 1 953 777 23 17
104 1 857 780 23 17
105 1 858 781 20 15
106 1 805 756 20 15
107 1 805 756 20 15
108 1 805 756 20 15
109 1 803 758 22 16
110 1 782 761 22 16
111 1 786 764 22 16
112 1 811 789 22 16
113 1 814 741 24 17
114 1 768 794 24 17
115 1 769 795 21 15
116 1 797 772 23 16
117 1 772 822 23 16
118 1 750 724 25 17
119 1 750 749 31 21
120 1 754 752 34 23
121 1 779 802 42 28
122 1 729 777 52 35
123 1 773 827 52 35
124 1 768 852 52 35
125 1 773 858 39 26
126 1 780 887 39 26
127 1 787 916 29 19
128 1 766 893 31 20
129 1 797 946 23 15
130 1 751 899 17 11
131 1 754 901 17 11
132 1 804 951 17 11
133 1 779 1026 17 11
134 1 754 1126 17 11
135 1 705 1080 15 0
