66 1 802 441 120 91
67 1 798 482 91 69
68 1 764 494 69 52
69 1 751 503 52 39
70 1 751 503 52 39
71 1 751 503 52 39
72 1 751 503 52 39
73 1 751 503 52 39
74 1 751 503 52 39
75 1 751 503 52 39
76 1 751 503 52 39
77 1 751 503 52 39
78 1 751 503 52 39
79 1 751 503 52 39
80 1 751 503 52 39
81 1 756 510 52 39
82 1 786 517 52 39
83 1 791 524 52 39
84 1 812 524 52 39
85 1 817 531 39 29
86 1 824 536 39 29
87 1 831 541 29 22
88 1 836 545 29 22
89 1 841 574 22 16
90 1 866 549 22 16
91 1 866 549 22 16
92 1 866 549 22 16
93 1 870 552 16 12
94 1 870 576 20 15
95 1 891 576 20 15
96 1 886 601 20 15
97 1 910 604 15 11
98 1 910 679 15 11
99 1 935 679 15 11
100 1 963 731 15 11
101 1 991 733 15 11
102 1 991 683 15 11
103 1 1019 610 11 8
104 1 1044 635 13 10
105 1 1072 712 13 10
106 1 1073 663 11 8
107 1 1148 563 11 8
108 1 1224 638 9 7
109 1 1149 588 9 7
110 1 1249 638 8 6
111 1 1175 589 8 6
112 1 1225 589 8 6
113 1 1225 589 8 6
114 1 1225 589 8 6
115 1 1225 589 8 6
116 1 1225 589 8 6
117 1 1225 589 7 5
118 1 1176 590 7 5
119 1 1176 590 7 5
120 1 1201 565 7 5
121 1 1151 565 7 5
122 1 1101 540 7 5
123 1 1076 590 7 5
124 1 1076 590 7 5
125 1 1051 540 6 4
126 1 1026 540 6 4
127 1 1001 515 6 4
128 1 1026 465 6 4
129 1 976 490 6 4
130 1 976 490 6 4
131 1 976 490 6 4
132 1 951 465 6 4
133 1 951 440 6 4
134 1 951 440 6 4
135 1 951 440 6 4
136 1 951 440 6 4
137 1 926 515 6 4
138 1 951 490 6 4
139 1 951 515 6 4
140 1 977 515 6 4
141 1 1027 565 6 4
142 1 1102 540 6 4
143 1 1153 515 4 3
144 1 1151 465 4 3
145 1 1201 365 4 3
146 1 1223 340 4 3
147 1 1223 340 4 3
148 1 1190 440 4 3
149 1 1264 365 4 3
150 1 1261 340 4 3
151 1 1154 415 3 2
152 1 1154 415 2 1
153 1 1129 465 1 0
66 1 802 441 120 91
67 1 798 482 91 69
68 1 764 494 69 52
69 1 751 503 52 39
70 1 751 503 52 39
71 1 751 503 52 39
72 1 751 503 52 39
73 1 751 503 52 39
74 1 751 503 52 39
75 1 751 503 52 39
76 1 751 503 52 39
77 1 751 503 52 39
78 1 751 503 52 39
79 1 751 503 52 39
80 1 751 503 52 39
81 1 756 510 52 39
82 1 786 517 52 39
83 1 791 524 52 39
84 1 812 524 52 39
85 1 817 531 39 29
86 1 824 536 39 29
87 1 831 541 29 22
88 1 836 545 29 22
89 1 841 574 22 16
90 1 866 549 22 16
91 1 866 549 22 16
92 1 866 549 22 16
93 1 870 552 16 12
94 1 870 576 20 15
95 1 891 576 20 15
96 1 886 601 20 15
97 1 910 604 15 11
98 1 910 679 15 11
99 1 935 679 15 11
100 1 963 731 15 11
101 1 991 733 15 11
102 1 991 683 15 11
103 1 1019 610 11 8
104 1 1044 635 13 10
105 1 1072 712 13 10
106 1 1073 663 11 8
107 1 1148 563 11 8
108 1 1224 638 9 7
109 1 1149 588 9 7
110 1 1249 638 8 6
111 1 1175 589 8 6
112 1 1225 589 8 6
113 1 1225 589 8 6
114 1 1225 589 8 6
115 1 1225 589 8 6
116 1 1225 589 8 6
117 1 1225 589 7 5
118 1 1176 590 7 5
119 1 1176 590 7 5
120 1 1201 565 7 5
121 1 1151 565 7 5
122 1 1101 540 7 5
123 1 1076 590 7 5
124 1 1076 590 7 5
125 1 1051 540 6 4
126 1 1026 540 6 4
127 1 1001 515 6 4
128 1 1026 465 6 4
129 1 976 490 6 4
130 1 976 490 6 4
131 1 976 490 6 4
132 1 951 465 6 4
133 1 951 440 6 4
134 1 951 440 6 4
135 1 951 440 6 4
136 1 951 440 6 4
137 1 926 515 6 4
138 1 951 490 6 4
139 1 951 515 6 4
140 1 977 515 6 4
141 1 1027 565 6 4
142 1 1102 540 6 4
143 1 1153 515 4 3
144 1 1151 465 4 3
145 1 1201 365 4 3
146 1 1223 340 4 3
147 1 1223 340 4 3
148 1 1190 440 4 3
149 1 1264 365 4 3
150 1 1261 340 4 3
151 1 1154 415 3 2
152 1 1154 415 2 1
153 1 1129 465 1 0
