32 1 1186 778 98 150
33 1 1228 854 74 114
34 1 1257 885 65 101
35 1 1265 891 57 89
36 1 1240 842 71 111
37 1 1224 805 78 122
38 1 1210 777 78 122
39 1 1183 703 97 152
40 1 1163 686 86 135
41 1 1138 661 86 135
42 1 1138 636 86 135
43 1 1113 611 86 135
44 1 1103 609 86 135
45 1 1083 641 76 120
46 1 1068 637 76 120
47 1 1041 587 76 120
48 1 1050 608 57 91
49 1 1085 624 43 69
50 1 1090 633 47 75
51 1 1044 633 47 75
52 1 1044 633 47 75
53 1 1044 633 47 75
54 1 1048 633 47 75
55 1 1027 608 58 93
56 1 1002 582 72 116
57 1 1002 556 90 145
58 1 993 556 90 145
59 1 993 556 90 145
60 1 984 556 90 145
61 1 984 506 112 181
62 1 986 516 99 161
63 1 991 525 88 143
64 1 1011 550 66 108
65 1 1027 569 50 82
66 1 1027 569 50 82
67 1 1052 570 62 102
68 1 1058 588 47 77
69 1 1065 592 41 68
70 1 1090 567 51 85
71 1 1099 557 51 85
72 1 1049 557 63 106
73 1 1077 563 56 94
74 1 1059 574 61 103
75 1 1057 499 76 128
76 1 1053 474 95 160
77 1 1049 449 118 200
78 1 1035 449 129 220
79 1 1010 423 161 275
80 1 985 398 201 343
81 1 995 408 201 343
82 1 995 451 221 377
83 1 995 451 221 377
84 1 1009 467 167 286
85 1 988 492 126 217
86 1 988 492 126 217
87 1 985 505 126 217
88 1 976 632 138 238
89 1 979 649 138 238
90 1 1006 641 138 238
91 1 1026 621 151 261
92 1 1026 621 151 261
93 1 999 641 151 261
94 1 999 641 151 261
95 1 990 623 166 287
96 1 990 623 166 287
97 1 990 623 166 287
98 1 990 623 166 287
99 1 990 648 166 287
100 1 1019 698 126 218
101 1 1001 760 112 194
102 1 898 710 140 242
103 1 881 748 124 215
104 1 1003 686 124 215
105 1 953 611 124 215
106 1 928 586 155 268
107 1 985 633 117 203
108 1 985 633 117 203
109 1 977 643 117 203
110 1 973 643 117 203
111 1 944 618 146 253
112 1 889 574 160 278
113 1 867 597 160 278
