25 1 816 416 107 173
26 1 814 447 81 131
27 1 799 438 89 144
28 1 783 446 79 128
29 1 793 443 60 97
30 1 799 460 60 97
31 1 797 490 53 86
32 1 820 520 47 76
33 1 833 533 47 76
34 1 837 533 47 76
35 1 866 533 47 76
36 1 895 533 47 76
37 1 895 533 47 76
38 1 925 532 58 95
39 1 935 548 58 95
40 1 970 564 58 95
41 1 970 564 58 95
42 1 1005 580 58 95
43 1 1030 580 58 95
44 1 1030 554 72 118
45 1 1059 560 64 105
46 1 1063 536 80 131
47 1 1077 534 80 131
48 1 1077 559 100 163
49 1 1061 555 110 179
50 1 1057 530 137 223
51 1 1056 544 104 169
52 1 1056 544 104 169
53 1 1056 544 104 169
54 1 1056 544 104 169
55 1 1056 544 104 169
56 1 1056 544 130 211
57 1 1054 531 130 211
58 1 1061 543 115 187
59 1 1061 543 143 233
60 1 1069 556 127 207
61 1 1076 567 113 184
62 1 1090 565 124 202
63 1 1087 575 124 202
64 1 1084 585 124 202
65 1 1059 585 124 202
66 1 1081 620 94 153
67 1 1077 620 94 153
68 1 1073 594 117 191
69 1 1065 603 88 145
70 1 1069 578 110 181
71 1 1086 560 110 181
72 1 1108 510 137 226
73 1 1125 488 150 248
74 1 1122 439 187 310
75 1 1157 456 166 275
76 1 1153 415 182 302
77 1 1151 378 200 332
78 1 1111 511 152 252
79 1 1160 505 115 191
80 1 1160 505 115 191
81 1 1135 505 143 238
82 1 1153 460 157 261
83 1 1128 409 196 326
84 1 1103 400 215 358
85 1 1091 413 215 358
86 1 1093 383 236 393
87 1 1082 402 236 393
88 1 1082 402 236 393
89 1 1046 421 236 393
90 1 1046 421 236 393
91 1 1049 395 259 432
92 1 1031 374 284 475
93 1 1031 382 284 475
94 1 1042 341 312 522
95 1 1045 358 312 522
96 1 1049 350 312 522
97 1 1078 342 312 522
98 1 1107 334 312 522
99 1 1116 400 343 574
100 1 1134 372 377 631
101 1 1181 351 414 694
102 1 1181 351 414 694
103 1 1156 250 517 830
104 1 1130 296 460 738
105 1 1130 296 460 738
106 1 1130 296 460 738
107 1 1130 296 460 738
108 1 1130 296 460 738
109 1 1130 296 460 738
110 1 1029 197 575 883
111 1 1029 197 575 883
112 1 929 147 575 883
113 1 861 96 511 785
114 1 861 96 511 785
115 1 861 96 511 785
116 1 759 21 638 981
117 1 694 0 567 873
118 1 740 61 623 960
119 1 674 14 554 854
120 1 717 138 421 649
121 1 791 252 319 493
122 1 797 313 242 374
123 1 789 329 242 374
124 1 881 470 183 284
125 1 891 436 162 252
126 1 869 430 123 191
127 1 880 441 109 169
128 1 880 466 109 169
129 1 880 466 109 169
130 1 899 470 109 169
131 1 888 466 119 185
132 1 945 501 105 164
133 1 956 535 93 145
134 1 939 528 102 159
135 1 939 528 102 159
136 1 957 556 77 120
137 1 880 481 96 150
138 1 905 455 120 187
139 1 901 462 120 187
140 1 916 460 132 205
141 1 911 485 132 205
142 1 938 521 117 182
143 1 933 546 117 182
144 1 1000 553 117 182
145 1 971 528 146 227
146 1 1000 542 110 172
147 1 1019 592 110 172
148 1 1019 592 110 172
149 1 1035 597 110 172
150 1 1032 572 110 172
151 1 1059 581 97 153
152 1 1071 574 106 168
153 1 1075 574 106 168
154 1 1079 549 132 210
155 1 1100 549 132 210
156 1 1129 536 117 186
157 1 1146 543 117 186
158 1 1167 543 117 186
159 1 1156 466 128 204
160 1 1147 391 140 224
161 1 1172 366 140 224
162 1 1165 369 154 246
163 1 1161 345 192 307
164 1 1160 334 211 337
165 1 1172 328 187 299
166 1 1154 330 187 299
167 1 1164 321 166 266
168 1 1139 322 207 332
169 1 1125 380 157 252
170 1 1178 399 119 191
171 1 1143 423 130 210
172 1 1141 435 130 210
173 1 1148 447 115 186
174 1 1143 454 115 186
175 1 1138 461 115 186
176 1 1152 459 126 204
177 1 1152 459 126 204
178 1 1152 459 126 204
179 1 1152 459 126 204
180 1 1152 459 126 204
181 1 1159 470 112 181
182 1 1155 470 112 181
183 1 1155 470 112 181
184 1 1171 477 112 181
185 1 1167 477 112 181
