60 1 773 376 85 118
61 1 788 346 64 89
62 1 788 346 64 89
63 1 767 346 64 89
64 1 758 362 64 89
65 1 750 403 48 67
66 1 730 428 48 67
67 1 744 465 48 67
68 1 749 490 48 67
69 1 779 515 48 67
70 1 784 516 60 83
71 1 805 516 60 83
72 1 826 492 75 103
73 1 839 485 75 103
74 1 848 473 82 113
75 1 827 448 102 141
76 1 845 498 77 107
77 1 870 504 68 95
78 1 870 504 68 95
79 1 870 504 68 95
80 1 879 515 74 104
81 1 892 533 74 104
82 1 917 533 74 104
83 1 926 546 81 114
84 1 926 521 101 142
85 1 969 571 76 107
86 1 974 585 83 117
87 1 984 616 73 104
88 1 1009 616 73 104
89 1 1018 629 80 114
90 1 1043 629 80 114
91 1 1057 674 60 86
92 1 987 714 45 65
93 1 987 714 45 65
94 1 990 726 45 65
95 1 993 738 45 65
96 1 1090 689 56 81
97 1 1090 689 56 81
98 1 1093 693 49 72
99 1 1072 693 49 72
100 1 1085 706 37 54
101 1 1081 706 37 54
102 1 1081 706 37 54
103 1 1077 680 46 67
104 1 1084 684 40 59
105 1 1091 669 40 59
106 1 1091 644 50 73
107 1 1016 619 62 91
108 1 1012 594 77 113
109 1 1022 589 77 113
110 1 1053 578 84 124
111 1 1028 578 84 124
112 1 1093 575 84 124
113 1 1104 566 92 136
114 1 1048 590 115 170
115 1 1079 599 102 151
116 1 1072 575 102 151
117 1 1047 574 127 188
118 1 1047 574 127 188
119 1 1047 574 127 188
120 1 1069 582 127 188
121 1 1060 606 139 206
122 1 1086 567 105 156
123 1 1086 567 105 156
124 1 1113 492 131 195
125 1 1136 526 99 148
126 1 1111 626 123 185
127 1 1066 626 153 231
128 1 1066 626 153 231
129 1 1041 592 153 231
130 1 1041 592 153 231
131 1 1037 658 116 175
132 1 1068 568 103 155
133 1 1068 544 128 193
134 1 1018 544 128 193
135 1 1018 519 160 241
136 1 1043 544 160 241
137 1 1021 586 160 241
138 1 1024 603 160 241
139 1 1052 670 121 183
140 1 1039 705 107 162
141 1 1039 705 107 162
142 1 1037 733 81 123
143 1 1051 730 81 123
144 1 1040 727 81 123
145 1 950 718 89 135
146 1 1016 734 97 148
147 1 996 767 86 131
148 1 996 767 86 131
149 1 1007 758 94 144
150 1 993 808 71 109
151 1 1002 797 78 119
152 1 936 818 59 90
153 1 986 843 59 90
154 1 961 843 59 90
155 1 946 859 59 90
156 1 1021 759 59 90
157 1 1006 750 59 90
158 1 906 650 73 112
159 1 906 575 73 112
160 1 906 574 91 140
161 1 886 582 80 124
162 1 975 704 80 124
163 1 1004 636 71 110
164 1 1083 567 63 97
165 1 1036 472 56 86
166 1 1064 452 49 76
167 1 1070 431 43 67
168 1 1095 407 53 83
169 1 1101 397 53 83
170 1 1106 412 40 63
171 1 1106 387 50 78
172 1 1087 371 55 85
173 1 1087 371 55 85
174 1 1072 361 55 85
175 1 1072 336 68 106
176 1 1059 355 51 80
177 1 1068 369 38 60
178 1 1095 372 33 53
179 1 1120 372 33 53
180 1 1174 328 36 58
181 1 1220 328 36 58
182 1 1216 303 45 72
183 1 1186 303 56 90
184 1 1171 319 56 90
185 1 1206 410 42 68
