74 1 928 278 92 110
75 1 936 266 101 121
76 1 954 263 101 121
77 1 967 254 111 133
78 1 977 245 122 146
79 1 981 245 122 146
80 1 985 245 122 146
81 1 986 271 92 110
82 1 988 252 81 97
83 1 988 252 81 97
84 1 963 252 101 121
85 1 963 253 126 151
86 1 945 286 112 134
87 1 930 277 123 147
88 1 916 285 109 130
89 1 905 276 119 143
90 1 895 294 130 157
91 1 886 264 143 172
92 1 886 269 143 172
93 1 886 274 143 172
94 1 886 279 143 172
95 1 886 284 143 172
96 1 894 318 127 153
97 1 891 319 127 153
98 1 891 268 158 191
99 1 886 242 173 210
100 1 892 304 131 159
101 1 883 299 144 174
102 1 901 271 158 191
103 1 901 321 158 191
104 1 921 295 173 210
105 1 921 320 173 210
106 1 927 332 173 210
107 1 937 394 153 186
108 1 952 392 168 204
109 1 956 402 168 204
110 1 981 377 168 204
111 1 956 326 210 255
112 1 968 321 210 255
113 1 980 316 210 255
114 1 992 336 210 255
115 1 954 381 210 255
116 1 941 376 210 255
117 1 928 371 210 255
118 1 915 391 210 255
119 1 902 411 210 255
120 1 889 406 210 255
121 1 876 426 210 255
122 1 877 408 231 280
123 1 890 448 205 249
124 1 901 467 205 249
125 1 926 467 205 249
126 1 937 486 205 249
127 1 948 530 155 189
128 1 954 538 155 189
129 1 959 563 155 189
130 1 980 512 170 207
131 1 976 487 212 258
132 1 996 512 212 258
133 1 1016 537 212 258
134 1 1012 594 233 283
135 1 987 570 291 353
136 1 973 563 320 388
137 1 1004 556 243 294
138 1 984 542 267 323
139 1 972 583 293 355
140 1 984 603 260 315
141 1 940 567 286 346
142 1 965 553 217 262
143 1 977 567 193 233
144 1 963 580 171 207
145 1 993 591 129 157
146 1 990 594 98 119
147 1 990 619 98 119
148 1 940 719 122 148
149 1 922 794 122 148
150 1 916 788 134 162
151 1 916 788 134 162
152 1 1013 741 101 123
153 1 1044 673 89 109
154 1 1027 654 79 97
155 1 996 679 98 121
156 1 946 630 122 151
157 1 895 606 122 151
158 1 898 682 92 114
159 1 956 671 101 125
160 1 944 662 111 137
161 1 940 662 111 137
162 1 931 661 111 137
163 1 927 661 111 137
164 1 942 685 84 104
165 1 942 710 84 104
166 1 953 698 92 114
167 1 935 712 101 125
168 1 935 712 101 125
169 1 953 684 101 125
170 1 941 650 111 137
171 1 932 649 84 104
172 1 932 624 84 104
173 1 937 605 74 92
174 1 950 596 74 92
175 1 963 612 56 69
176 1 963 612 70 86
177 1 959 612 70 86
178 1 904 612 87 107
179 1 904 612 87 107
180 1 919 606 87 107
181 1 869 607 108 133
182 1 888 605 108 133
183 1 877 621 118 146
184 1 904 629 105 129
185 1 884 654 105 129
186 1 888 654 105 129
187 1 868 654 131 161
188 1 916 682 99 122
189 1 921 689 88 108
190 1 912 703 96 118
191 1 887 652 120 147
192 1 858 628 120 147
193 1 854 629 91 111
194 1 870 648 69 84
195 1 924 553 61 74
196 1 930 566 46 56
197 1 937 569 40 49
198 1 942 576 44 53
199 1 940 579 39 47
200 1 967 582 34 41
201 1 967 582 34 41
202 1 967 582 42 51
203 1 969 585 37 45
204 1 969 585 37 45
205 1 967 587 32 40
206 1 967 562 40 50
207 1 967 562 40 50
208 1 967 562 40 50
209 1 967 562 40 50
210 1 967 562 40 50
211 1 967 562 40 50
212 1 967 562 50 62
