135 1 983 492 102 175
136 1 989 502 90 155
137 1 980 505 90 155
138 1 955 505 90 155
139 1 941 550 99 170
140 1 916 550 99 170
141 1 891 525 99 170
142 1 878 570 108 187
143 1 872 552 108 187
144 1 866 559 108 187
145 1 866 584 108 187
146 1 855 582 118 205
147 1 855 582 118 205
148 1 853 532 118 205
149 1 845 543 118 205
150 1 861 579 118 205
151 1 872 580 129 225
152 1 872 580 129 225
153 1 888 533 141 247
154 1 888 533 141 247
155 1 913 527 141 247
156 1 938 546 141 247
157 1 963 540 141 247
158 1 963 559 141 247
159 1 988 553 141 247
160 1 1013 572 141 247
161 1 1013 572 141 247
162 1 1013 572 141 247
163 1 1038 541 141 247
164 1 1038 560 141 247
165 1 1056 542 155 271
166 1 1035 542 155 271
167 1 1039 542 155 271
168 1 1039 542 155 271
169 1 1039 542 155 271
170 1 1019 540 155 271
171 1 1016 524 170 298
172 1 1018 526 170 298
173 1 1020 528 170 298
174 1 997 530 170 298
175 1 972 582 170 298
176 1 964 594 187 327
177 1 962 585 205 359
178 1 987 585 205 359
179 1 973 598 205 359
180 1 984 586 205 359
181 1 984 586 205 359
182 1 984 586 205 359
183 1 995 574 205 359
184 1 971 544 225 394
185 1 949 493 247 433
186 1 929 518 247 433
187 1 912 497 271 476
188 1 910 505 271 476
189 1 869 539 298 523
190 1 856 530 327 550
191 1 822 523 359 557
192 1 822 523 359 557
193 1 867 454 319 495
194 1 885 381 283 440
195 1 861 383 283 440
196 1 837 385 283 440
197 1 799 365 311 484
198 1 777 375 311 484
199 1 769 450 388 605
200 1 744 525 388 605
201 1 718 676 426 404
202 1 693 751 426 404
203 1 716 773 379 307
204 1 713 762 416 318
205 1 711 742 416 318
206 1 711 742 416 318
207 1 709 772 316 241
208 1 710 814 240 183
209 1 710 789 240 183
210 1 710 789 240 183
211 1 660 714 300 228
212 1 759 614 375 285
213 1 784 514 468 356
214 1 710 509 416 316
215 1 883 464 316 240
216 1 909 506 240 182
217 1 951 513 182 138
218 1 951 513 182 138
219 1 961 521 161 122
220 1 989 543 122 92
221 1 959 554 134 101
222 1 986 585 119 89
223 1 982 601 119 89
224 1 978 617 90 67
225 1 969 629 90 67
226 1 985 641 68 50
227 1 1035 541 68 50
228 1 997 550 51 38
229 1 981 557 51 38
230 1 1009 584 45 33
231 1 1012 590 45 33
232 1 1015 596 34 25
233 1 1019 599 37 27
234 1 1021 603 37 27
235 1 1023 607 37 27
236 1 1044 607 37 27
237 1 1039 607 46 33
238 1 1052 613 34 25
239 1 1058 617 34 25
240 1 1083 617 34 25
241 1 1083 617 42 31
242 1 1065 623 42 31
243 1 1072 629 31 23
244 1 1076 632 34 25
245 1 1080 635 37 27
246 1 1082 639 37 27
247 1 1057 642 40 29
248 1 1064 647 40 29
249 1 1064 647 40 29
250 1 1014 597 50 36
251 1 1098 628 50 36
252 1 1101 630 44 32
253 1 1097 630 44 32
254 1 1093 630 44 32
255 1 1093 630 44 32
256 1 1069 634 48 35
257 1 1069 634 48 35
258 1 973 609 60 43
259 1 1017 634 75 53
260 1 967 658 93 66
261 1 911 684 116 82
262 1 871 695 127 90
263 1 796 720 158 112
264 1 721 719 197 140
265 1 681 744 197 140
266 1 641 769 197 140
267 1 616 769 197 140
268 1 591 794 197 140
269 1 576 819 197 140
270 1 551 819 197 140
271 1 551 844 197 140
272 1 501 819 246 175
273 1 430 794 307 218
274 1 409 794 307 218
275 1 390 782 307 218
276 1 344 782 307 218
277 1 300 770 307 218
278 1 321 782 273 194
279 1 280 781 300 213
280 1 254 794 300 213
281 1 225 794 300 213
282 1 221 794 300 213
283 1 196 782 300 213
284 1 155 784 330 234
285 1 130 784 330 234
286 1 80 784 330 234
287 1 30 759 412 292
288 1 0 683 515 365
289 1 0 708 643 372
290 1 0 658 643 372
291 1 0 683 643 372
292 1 0 683 643 372
293 1 0 683 643 372
294 1 105 679 707 401
295 1 331 699 707 381
296 1 407 716 537 289
297 1 307 717 671 361
298 1 319 687 597 321
299 1 294 662 597 321
300 1 269 662 597 321
301 1 244 687 597 321
302 1 219 712 597 321
303 1 194 712 597 321
