67 1 974 159 77 132
68 1 970 159 77 132
69 1 965 158 96 165
70 1 970 167 85 146
71 1 985 168 85 146
72 1 985 144 106 182
73 1 893 219 132 227
74 1 882 197 145 249
75 1 882 191 145 249
76 1 857 185 145 249
77 1 850 192 159 273
78 1 850 192 159 273
79 1 875 167 198 341
80 1 850 185 217 375
81 1 838 201 217 375
82 1 875 197 193 333
83 1 850 246 241 416
84 1 863 269 214 370
85 1 863 294 214 370
86 1 876 308 214 370
87 1 888 328 190 329
88 1 884 319 209 361
89 1 895 314 186 321
90 1 893 305 204 353
91 1 901 316 204 353
92 1 897 316 204 353
93 1 897 316 204 353
94 1 905 327 204 353
95 1 903 320 224 388
96 1 903 320 224 388
97 1 928 320 224 388
98 1 942 338 224 388
99 1 1006 331 170 294
100 1 1058 332 129 223
101 1 1105 271 98 169
102 1 1147 300 74 128
103 1 1160 322 74 128
104 1 1223 344 56 97
105 1 1226 349 49 86
106 1 1255 349 49 86
107 1 1268 364 49 86
108 1 1281 379 49 86
109 1 1281 379 49 86
110 1 1281 379 49 86
111 1 1281 379 49 86
112 1 1281 379 49 86
113 1 1281 379 49 86
114 1 1281 379 49 86
115 1 1281 379 49 86
116 1 1281 379 49 86
117 1 1281 379 49 86
118 1 1281 379 49 86
119 1 1281 379 49 86
120 1 1281 379 49 86
121 1 1281 379 49 86
122 1 1217 344 49 86
123 1 1217 344 49 86
124 1 1217 344 49 86
125 1 1217 344 49 86
126 1 1204 334 37 65
127 1 1123 438 32 57
128 1 1179 473 32 57
129 1 1185 458 32 57
130 1 1160 433 32 57
131 1 1091 543 24 43
132 1 1191 593 24 43
133 1 1195 575 24 43
134 1 1199 557 24 43
135 1 1150 534 21 38
136 1 1200 534 21 38
137 1 1204 541 15 28
138 1 1157 521 11 21
139 1 1107 446 11 21
140 1 1109 425 11 21
141 1 1110 426 9 18
142 1 1011 454 9 18
143 1 1012 407 6 13
144 1 1038 485 4 9
145 1 1087 385 5 11
146 1 987 385 6 13
147 1 1087 410 7 16
148 1 1087 310 8 20
149 1 1062 335 8 20
150 1 1037 359 10 25
151 1 1012 384 12 31
152 1 957 409 12 31
153 1 874 484 15 38
154 1 899 584 18 47
155 1 802 668 18 47
156 1 802 644 22 58
157 1 806 604 22 58
158 1 809 711 24 63
159 1 784 661 24 63
160 1 888 747 24 63
161 1 917 758 24 63
162 1 917 758 24 63
163 1 945 766 26 69
164 1 946 770 23 61
165 1 921 769 28 76
166 1 951 782 28 76
167 1 951 782 28 76
168 1 951 782 28 76
169 1 976 782 28 76
170 1 956 770 28 76
171 1 856 720 28 76
172 1 881 719 35 95
173 1 881 718 43 118
174 1 881 717 53 147
175 1 886 743 53 147
176 1 889 737 58 161
177 1 896 732 63 177
178 1 907 763 47 134
179 1 911 763 47 134
180 1 915 763 47 134
181 1 915 763 47 134
182 1 944 763 47 134
183 1 1005 870 41 119
184 1 1012 866 41 119
185 1 1012 866 41 119
186 1 1062 866 51 148
187 1 1046 867 51 148
188 1 1052 861 56 162
189 1 1105 845 49 144
190 1 1011 828 43 128
191 1 986 803 53 160
192 1 993 781 53 160
193 1 1068 765 47 142
194 1 999 748 41 126
195 1 1051 655 36 112
196 1 1048 630 36 112
197 1 1065 730 36 112
198 1 1044 699 27 85
199 1 1045 704 24 75
200 1 948 613 26 82
201 1 1023 664 32 102
202 1 1048 664 40 127
203 1 1028 630 44 139
204 1 1048 631 55 173
205 1 1073 631 55 173
206 1 1073 631 55 173
207 1 1098 631 55 173
208 1 1098 631 55 173
209 1 1051 616 48 153
210 1 1108 624 42 136
211 1 1115 622 42 136
212 1 1142 629 37 121
213 1 1138 629 37 121
214 1 1141 626 28 91
215 1 1143 631 24 80
216 1 1143 631 24 80
217 1 1197 645 18 60
218 1 1223 648 16 53
219 1 1174 651 14 47
220 1 1177 660 14 47
221 1 1229 617 15 51
222 1 1229 642 15 51
223 1 1229 642 15 51
224 1 1229 642 15 51
225 1 1229 642 18 63
226 1 1229 642 18 63
227 1 1129 667 18 63
228 1 1107 653 13 47
229 1 1108 656 11 41
230 1 1085 663 8 31
231 1 1160 663 8 31
232 1 1110 713 10 38
233 1 1135 713 10 38
234 1 1087 670 7 28
