32 1 956 380 89 208
33 1 940 391 79 185
34 1 925 398 60 140
35 1 932 398 45 106
36 1 936 392 34 80
37 1 942 406 25 60
38 1 942 406 25 60
39 1 942 406 25 60
40 1 942 431 25 60
41 1 946 441 19 45
42 1 924 473 14 34
43 1 924 498 14 34
44 1 924 523 14 34
45 1 924 523 14 34
46 1 924 523 14 34
47 1 924 523 14 34
48 1 924 523 14 34
49 1 924 523 14 34
50 1 924 523 14 34
51 1 927 529 14 34
52 1 952 529 14 34
53 1 955 535 14 34
54 1 980 535 14 34
55 1 980 535 14 34
56 1 1007 539 15 37
57 1 1059 543 16 40
58 1 1084 543 20 50
59 1 1104 543 25 62
60 1 1133 553 25 62
61 1 1133 553 25 62
62 1 1134 556 22 55
63 1 1134 556 22 55
64 1 1113 566 16 41
65 1 1141 573 12 31
66 1 1138 604 12 31
67 1 1134 604 12 31
68 1 1180 604 12 31
69 1 1200 629 12 31
70 1 1198 635 9 23
71 1 1198 635 9 23
72 1 1198 635 9 23
73 1 1223 635 9 23
74 1 1199 613 9 25
75 1 1224 613 9 25
76 1 1249 613 11 31
77 1 1249 588 11 31
78 1 1274 588 11 31
79 1 1274 588 11 31
80 1 1274 563 11 31
81 1 1276 519 11 31
82 1 1326 469 13 38
83 1 1304 426 13 38
84 1 1357 408 13 38
85 1 1357 358 13 38
86 1 1357 308 13 38
87 1 1432 308 13 38
88 1 1432 308 13 38
89 1 1407 258 16 47
90 1 1407 258 16 47
91 1 1407 258 16 47
92 1 1332 234 20 58
93 1 1332 234 20 58
94 1 1332 234 20 58
95 1 1258 194 20 58
96 1 1258 194 20 58
97 1 1258 194 20 58
98 1 1158 179 20 58
99 1 1158 179 20 58
100 1 1158 179 20 58
101 1 1158 179 20 58
102 1 1081 186 22 63
103 1 1081 186 22 63
104 1 1081 186 22 63
105 1 1081 186 22 63
106 1 1081 186 22 63
107 1 1081 186 22 63
108 1 1081 186 22 63
109 1 1056 186 27 78
110 1 1056 186 27 78
111 1 1056 186 27 78
112 1 1081 186 27 78
113 1 1081 186 27 78
114 1 1081 186 27 78
115 1 1081 186 27 78
116 1 1085 199 27 78
117 1 1089 212 27 78
118 1 1114 212 27 78
119 1 1118 225 27 78
120 1 1118 225 27 78
121 1 1122 238 20 59
122 1 1122 238 20 59
123 1 1121 248 20 59
124 1 1121 248 20 59
125 1 1121 248 20 59
126 1 1121 248 20 59
127 1 1121 248 20 59
128 1 1121 248 20 59
129 1 1121 248 20 59
130 1 1121 248 20 59
131 1 1121 248 20 59
132 1 1121 248 20 59
133 1 1089 298 25 73
134 1 1068 386 25 73
135 1 1072 474 25 73
136 1 997 474 25 73
137 1 972 499 31 91
138 1 928 540 23 69
139 1 907 577 23 69
140 1 883 581 20 61
141 1 878 606 20 61
142 1 878 591 15 46
143 1 903 591 15 46
144 1 904 544 13 40
145 1 954 494 13 40
146 1 1029 444 13 40
147 1 1129 344 13 40
148 1 1180 296 11 35
149 1 1155 196 11 35
150 1 1182 152 11 35
151 1 1207 177 11 35
152 1 1257 77 11 35
153 1 1258 56 12 38
154 1 1255 58 10 33
155 1 1281 35 8 29
156 1 1331 10 10 36
157 1 1332 14 11 39
158 1 1283 116 9 34
159 1 1258 16 9 34
160 1 1183 0 11 42
161 1 1210 57 11 42
162 1 1162 114 11 42
163 1 1087 189 11 42
164 1 1062 214 11 42
165 1 1062 239 11 42
166 1 1114 246 8 31
167 1 1089 271 8 31
168 1 1064 296 8 31
169 1 1065 327 8 31
170 1 1091 333 6 23
171 1 1066 383 7 28
172 1 1066 385 6 24
173 1 1091 410 6 24
174 1 1091 436 5 21
175 1 1092 415 5 21
176 1 1092 465 5 21
177 1 1092 465 5 21
178 1 1092 465 5 21
179 1 1092 465 5 21
180 1 1092 465 5 21
181 1 1092 465 5 21
182 1 1092 465 5 21
183 1 1017 490 5 21
184 1 1017 440 6 26
185 1 993 444 4 19
186 1 988 472 3 14
187 1 988 497 3 17
188 1 988 473 2 15
189 1 988 498 2 15
190 1 1013 498 2 15
191 1 1013 501 1 11
192 1 1013 501 1 11
193 1 1013 501 1 11
194 1 988 403 1 11
195 1 963 505 0 8
