6 1 1480 557 154 254
7 1 1429 551 154 254
8 1 1409 540 137 226
9 1 1433 529 104 171
10 1 1426 484 79 129
11 1 1385 506 60 98
12 1 1367 498 45 74
13 1 1319 482 49 81
14 1 1281 471 49 81
15 1 1242 435 37 61
16 1 1195 420 28 46
17 1 1150 404 21 34
18 1 1150 404 21 34
19 1 1125 404 21 34
20 1 1079 385 21 34
21 1 1033 391 15 25
22 1 1008 391 15 25
23 1 983 366 18 31
24 1 983 366 18 31
25 1 958 366 18 31
26 1 936 372 18 31
27 1 939 378 18 31
28 1 914 378 18 31
29 1 917 384 18 31
30 1 917 384 18 31
31 1 920 390 18 31
32 1 923 396 18 31
33 1 923 396 18 31
34 1 923 396 18 31
35 1 923 396 18 31
36 1 926 377 18 31
37 1 951 377 18 31
38 1 951 352 18 31
39 1 951 352 18 31
40 1 951 327 18 31
41 1 954 308 18 31
42 1 954 308 18 31
43 1 957 289 18 31
44 1 907 289 18 31
45 1 907 289 18 31
46 1 907 289 18 31
47 1 907 289 18 31
48 1 857 289 18 31
49 1 857 314 18 31
50 1 882 339 18 31
51 1 882 339 22 38
52 1 882 364 22 38
53 1 907 389 22 38
54 1 911 396 22 38
55 1 936 421 22 38
56 1 940 428 22 38
57 1 944 435 22 38
58 1 969 460 22 38
59 1 969 460 22 38
60 1 969 460 22 38
61 1 994 485 22 38
62 1 998 492 16 28
63 1 1000 496 17 30
64 1 1000 521 17 30
65 1 1000 521 17 30
66 1 1001 448 15 26
67 1 978 476 16 28
68 1 980 455 17 30
69 1 983 436 17 30
70 1 1008 411 17 30
71 1 1011 367 17 30
72 1 1011 317 17 30
73 1 986 242 21 37
74 1 986 192 21 37
75 1 986 167 21 37
76 1 965 198 21 37
77 1 944 254 21 37
78 1 944 304 21 37
79 1 919 329 21 37
80 1 919 329 21 37
81 1 919 329 21 37
82 1 894 329 21 37
83 1 873 310 21 37
84 1 873 285 21 37
85 1 873 285 21 37
86 1 848 259 26 46
87 1 827 218 26 46
88 1 806 202 26 46
89 1 806 177 26 46
90 1 806 177 26 46
91 1 781 152 26 46
92 1 781 152 26 46
93 1 781 152 26 46
94 1 781 152 26 46
95 1 781 152 26 46
96 1 781 152 26 46
97 1 781 152 26 46
98 1 781 152 26 46
99 1 781 152 26 46
100 1 781 152 26 46
101 1 781 152 26 46
102 1 781 152 26 46
103 1 781 127 26 46
104 1 785 136 19 34
105 1 835 111 19 34
106 1 838 117 19 34
107 1 888 117 19 34
108 1 941 98 19 34
109 1 991 48 23 42
110 1 1044 28 25 46
111 1 1069 53 25 46
112 1 1098 37 25 46
113 1 1102 21 19 34
114 1 1127 21 19 34
115 1 1103 23 16 30
116 1 1106 4 12 22
117 1 1078 33 9 16
118 1 1078 58 9 16
119 1 1078 58 9 16
120 1 1078 58 9 16
121 1 1053 83 9 16
122 1 1078 108 9 16
123 1 1078 108 9 16
124 1 1078 108 9 16
125 1 1078 108 9 16
126 1 1078 108 9 16
127 1 1078 108 9 16
128 1 1078 108 9 16
129 1 1054 86 9 16
130 1 1054 86 9 16
131 1 1054 86 9 16
132 1 1054 86 9 16
133 1 1054 37 8 14
134 1 1030 65 6 10
135 1 1055 40 6 10
136 1 1031 42 4 7
137 1 1026 68 4 7
138 1 1074 0 5 8
139 1 1074 50 5 8
140 1 1049 125 6 10
