97 1 909 283 118 218
98 1 880 283 118 218
99 1 882 295 105 194
100 1 888 345 105 194
101 1 885 354 105 194
102 1 889 329 131 242
103 1 880 309 144 266
104 1 1005 281 109 202
105 1 1049 341 82 153
106 1 1049 341 82 153
107 1 1039 359 90 168
108 1 1030 363 68 127
109 1 1009 345 60 113
110 1 1009 345 60 113
111 1 1009 345 60 113
112 1 1009 345 60 113
113 1 1009 345 60 113
114 1 1009 345 60 113
115 1 1015 365 60 113
116 1 1023 335 60 113
117 1 1023 335 60 113
118 1 1023 335 60 113
119 1 1023 335 60 113
120 1 1030 330 60 113
121 1 1037 325 60 113
122 1 1044 320 60 113
123 1 1050 340 60 113
124 1 1056 360 60 113
125 1 1063 355 60 113
126 1 1069 375 60 113
127 1 1075 395 60 113
128 1 1075 395 60 113
129 1 1075 395 60 113
130 1 1075 395 60 113
131 1 1075 395 60 113
132 1 1075 395 60 113
133 1 1075 395 60 113
134 1 1075 395 60 113
135 1 1075 395 60 113
136 1 1055 440 60 113
137 1 1055 440 60 113
138 1 1055 440 60 113
139 1 1055 440 60 113
140 1 1055 440 60 113
141 1 1055 440 60 113
142 1 1055 440 60 113
143 1 1055 440 60 113
144 1 1055 440 60 113
145 1 1055 440 60 113
146 1 1055 440 60 113
147 1 1055 440 60 113
148 1 1055 440 60 113
149 1 1036 460 60 113
150 1 1042 480 60 113
151 1 1048 500 60 113
152 1 1080 495 60 113
153 1 1085 540 60 113
154 1 1091 560 60 113
155 1 1097 580 60 113
156 1 1129 575 60 113
157 1 1135 595 60 113
158 1 1141 615 60 113
159 1 1146 660 60 113
160 1 1149 755 60 113
161 1 1180 775 60 113
162 1 1160 820 60 113
163 1 1168 790 60 113
164 1 1168 790 60 113
165 1 1168 790 60 113
166 1 1168 790 60 113
167 1 1168 790 60 113
168 1 1125 704 66 124
169 1 1125 704 66 124
170 1 1104 679 82 155
171 1 1119 607 62 117
172 1 1119 607 62 117
173 1 1129 527 47 88
174 1 1140 493 47 88
175 1 1140 493 47 88
176 1 1149 409 35 66
177 1 1149 409 35 66
178 1 1155 321 26 50
179 1 1159 255 26 50
180 1 1163 214 19 38
181 1 1163 214 19 38
182 1 1141 171 19 38
183 1 1141 171 19 38
184 1 1141 171 19 38
185 1 1141 171 19 38
186 1 1141 171 19 38
187 1 1141 171 19 38
188 1 1141 171 19 38
189 1 1141 171 19 38
190 1 1091 196 19 38
191 1 1066 221 19 38
192 1 1041 246 19 38
193 1 1016 296 23 47
194 1 1020 305 17 35
195 1 1020 330 17 35
196 1 998 386 12 26
197 1 993 411 12 26
198 1 961 486 12 26
199 1 955 536 12 26
200 1 955 536 12 26
201 1 955 536 12 26
202 1 955 536 12 26
203 1 955 536 12 26
204 1 978 486 12 26
205 1 978 486 12 26
206 1 972 536 12 26
207 1 994 511 12 26
208 1 1015 511 12 26
209 1 1084 561 12 26
210 1 1054 586 12 26
211 1 1054 586 12 26
212 1 1000 586 12 26
213 1 1000 586 12 26
214 1 946 586 12 26
215 1 941 611 12 26
216 1 941 611 12 26
217 1 941 611 12 26
218 1 941 611 12 26
219 1 941 611 12 26
220 1 941 611 12 26
221 1 941 611 12 26
222 1 941 611 12 26
223 1 941 611 12 26
224 1 914 561 12 26
225 1 914 561 12 26
226 1 914 561 12 26
227 1 914 561 12 26
228 1 909 586 12 26
229 1 909 586 12 26
230 1 930 586 12 26
231 1 928 590 12 26
232 1 923 615 12 26
233 1 923 615 12 26
234 1 923 615 12 26
235 1 945 590 12 26
236 1 945 590 12 26
237 1 945 590 12 26
238 1 945 590 12 26
239 1 945 590 12 26
240 1 945 590 12 26
241 1 945 590 12 26
242 1 945 590 12 26
243 1 967 565 12 26
244 1 967 565 12 26
245 1 988 565 12 26
246 1 988 565 12 26
247 1 988 565 12 26
248 1 988 565 12 26
249 1 988 565 12 26
250 1 988 565 12 26
251 1 988 565 12 26
252 1 988 565 12 26
253 1 961 515 12 26
254 1 961 515 12 26
255 1 933 490 12 26
256 1 932 469 9 19
257 1 982 469 9 19
258 1 958 447 6 14
259 1 959 450 6 14
