65 1 999 481 74 127
66 1 1003 488 65 113
67 1 1003 488 65 113
68 1 1007 488 65 113
69 1 1011 488 65 113
70 1 1014 463 65 113
71 1 1014 463 65 113
72 1 1014 463 65 113
73 1 1026 452 71 124
74 1 1026 452 71 124
75 1 1026 477 88 155
76 1 1020 480 88 155
77 1 1014 483 88 155
78 1 993 483 88 155
79 1 987 486 88 155
80 1 965 461 88 155
81 1 970 486 88 155
82 1 1015 514 66 117
83 1 979 484 50 88
84 1 1085 596 55 96
85 1 1060 521 68 120
86 1 1060 496 68 120
87 1 1085 446 85 150
88 1 1060 395 106 187
89 1 1052 393 116 205
90 1 1087 419 127 225
91 1 1203 397 139 247
92 1 1310 448 173 308
93 1 1316 452 173 308
94 1 1372 481 131 234
95 1 1363 460 144 257
96 1 1363 455 144 257
97 1 1363 455 144 257
98 1 1363 480 180 321
99 1 1363 456 225 401
100 1 1352 476 225 401
101 1 1480 426 247 441
102 1 1551 453 187 335
103 1 1536 471 166 298
104 1 1590 548 126 226
105 1 1706 551 138 248
106 1 1759 570 104 188
107 1 1840 605 80 167
108 1 1840 605 80 167
109 1 1815 580 100 208
110 1 1915 641 5 158
111 1 1919 625 1 140
112 1 1844 700 1 175
113 1 1744 822 1 192
114 1 1769 797 1 192
115 1 1769 847 1 192
116 1 1719 906 1 174
117 1 1719 1012 1 68
118 1 1719 1080 0 0
