15 1 724 473 164 232
16 1 728 489 124 176
17 1 753 514 124 176
18 1 750 520 94 133
19 1 751 527 83 118
20 1 755 527 83 118
21 1 774 547 83 118
22 1 778 547 83 118
23 1 768 561 91 129
24 1 793 561 91 129
25 1 748 468 80 114
26 1 752 474 71 101
27 1 736 487 78 111
28 1 736 493 69 98
29 1 740 498 61 87
30 1 744 484 67 95
31 1 734 475 67 95
32 1 714 474 83 118
33 1 718 448 103 147
34 1 693 424 128 183
35 1 684 397 140 201
36 1 709 382 140 201
37 1 702 357 154 221
38 1 756 369 137 196
39 1 731 369 137 196
40 1 731 319 171 245
41 1 740 332 152 218
42 1 764 320 152 218
43 1 764 320 152 218
44 1 810 320 152 218
45 1 800 322 167 239
46 1 825 322 167 239
47 1 821 327 183 262
48 1 796 301 228 327
49 1 796 301 228 327
50 1 796 326 228 327
51 1 811 308 228 327
52 1 801 315 228 327
53 1 801 315 228 327
54 1 805 281 250 359
55 1 805 281 250 359
56 1 799 269 250 359
57 1 799 244 250 359
58 1 813 264 222 319
59 1 802 245 222 319
60 1 802 245 222 319
61 1 802 220 222 319
62 1 802 220 222 319
63 1 802 220 222 319
64 1 752 170 277 398
65 1 749 165 277 398
66 1 746 160 277 398
67 1 743 155 277 398
68 1 740 150 277 398
69 1 736 150 277 398
70 1 772 172 246 354
71 1 791 216 218 315
72 1 891 166 272 393
73 1 889 185 272 393
74 1 912 204 272 393
75 1 887 129 340 491
76 1 956 231 302 436
77 1 906 155 377 545
78 1 897 150 377 545
79 1 893 205 335 485
80 1 816 155 335 485
81 1 878 232 298 431
82 1 840 211 327 474
83 1 833 262 291 421
84 1 809 261 291 421
85 1 785 260 291 421
86 1 760 260 291 421
87 1 751 308 258 374
88 1 676 233 322 467
89 1 659 240 322 467
90 1 642 247 322 467
91 1 622 272 322 467
92 1 622 272 322 467
93 1 605 279 322 467
94 1 588 286 322 467
95 1 554 245 354 513
96 1 539 260 354 513
97 1 539 260 354 513
98 1 524 275 354 513
99 1 534 290 354 513
100 1 534 290 354 513
101 1 544 305 354 513
102 1 544 305 354 513
103 1 558 358 315 456
104 1 558 383 315 456
105 1 563 388 315 456
106 1 588 388 315 456
107 1 588 388 315 456
108 1 563 388 315 456
109 1 552 345 346 501
110 1 552 345 346 501
111 1 538 333 346 501
112 1 564 233 432 626
113 1 564 233 432 626
114 1 565 242 432 626
115 1 566 251 432 626
116 1 567 260 432 626
117 1 591 319 384 557
118 1 583 317 384 557
119 1 556 287 422 612
120 1 580 294 422 612
121 1 579 301 422 612
122 1 579 301 422 612
123 1 579 301 422 612
124 1 552 360 375 544
125 1 552 360 375 544
126 1 548 390 333 484
127 1 548 390 333 484
128 1 586 442 296 430
129 1 577 466 263 382
130 1 566 512 234 339
131 1 504 556 208 301
132 1 429 606 208 301
133 1 379 631 260 376
134 1 384 628 286 413
135 1 345 605 314 454
136 1 270 604 392 476
137 1 345 503 490 577
138 1 345 403 612 677
139 1 445 303 612 677
140 1 501 346 465 514
141 1 504 321 465 514
142 1 511 311 465 514
143 1 438 236 581 642
144 1 338 186 726 802
145 1 238 211 726 802
146 1 138 111 907 969
147 1 96 264 807 816
148 1 96 214 1008 866
149 1 71 164 1008 866
150 1 272 198 1108 882
151 1 172 98 1108 882
152 1 197 199 1385 881
153 1 373 147 1232 784
154 1 398 122 1232 784
155 1 373 72 1232 784
156 1 602 95 1318 862
157 1 571 117 1173 767
158 1 777 251 891 582
159 1 833 378 677 442
160 1 867 377 602 393
161 1 867 377 602 393
162 1 867 377 602 393
163 1 867 377 602 393
164 1 867 377 602 393
165 1 875 399 535 349
166 1 875 399 535 349
167 1 872 374 535 349
