64 1 892 308 156 222
65 1 920 297 156 222
66 1 923 311 156 222
67 1 926 325 156 222
68 1 929 339 156 222
69 1 929 339 156 222
70 1 929 339 156 222
71 1 929 339 156 222
72 1 932 353 156 222
73 1 932 353 156 222
74 1 935 367 156 222
75 1 913 381 156 222
76 1 913 381 156 222
77 1 913 381 156 222
78 1 916 395 156 222
79 1 916 395 156 222
80 1 919 409 156 222
81 1 922 423 156 222
82 1 925 437 156 222
83 1 925 437 156 222
84 1 928 451 156 222
85 1 931 465 156 222
86 1 931 465 156 222
87 1 909 504 156 222
88 1 909 504 156 222
89 1 912 518 156 222
90 1 915 532 156 222
91 1 918 546 156 222
92 1 921 560 156 222
93 1 924 574 156 222
94 1 902 613 156 222
95 1 905 627 156 222
96 1 908 641 156 222
97 1 936 630 156 222
98 1 936 630 156 222
99 1 936 630 156 222
100 1 936 630 156 222
101 1 936 630 156 222
102 1 936 630 156 222
103 1 936 630 156 222
104 1 936 630 156 222
105 1 936 630 156 222
106 1 936 630 156 222
107 1 936 630 156 222
108 1 936 630 156 222
109 1 964 594 156 222
110 1 992 583 156 222
111 1 1020 572 156 222
112 1 1020 572 156 222
113 1 1020 572 156 222
114 1 1020 572 156 222
115 1 1023 511 156 222
116 1 1023 511 156 222
117 1 1023 511 156 222
118 1 1023 511 156 222
119 1 1023 511 156 222
120 1 1023 511 156 222
121 1 1023 511 156 222
122 1 1023 511 156 222
123 1 1023 511 156 222
124 1 1023 511 156 222
125 1 1023 511 156 222
126 1 1023 511 156 222
127 1 1023 511 156 222
128 1 1023 511 156 222
129 1 1023 511 156 222
130 1 1023 511 156 222
131 1 1023 511 156 222
132 1 1023 511 156 222
133 1 1023 511 156 222
134 1 1023 511 156 222
135 1 1023 511 156 222
136 1 1023 511 156 222
137 1 1023 511 156 222
138 1 1023 511 156 222
139 1 1023 511 156 222
140 1 1023 511 156 222
141 1 1023 511 156 222
142 1 1023 511 156 222
143 1 1023 511 156 222
144 1 1023 511 156 222
145 1 1023 511 156 222
146 1 1023 511 156 222
147 1 1023 511 156 222
148 1 1023 511 156 222
149 1 1023 511 156 222
150 1 1023 511 156 222
151 1 1023 511 156 222
152 1 1023 511 156 222
153 1 1023 511 156 222
154 1 1023 511 156 222
155 1 1023 511 156 222
156 1 1023 511 156 222
157 1 1023 511 156 222
158 1 1023 511 156 222
159 1 1023 511 156 222
160 1 1023 511 156 222
161 1 1023 511 156 222
162 1 1023 511 156 222
163 1 1023 511 156 222
164 1 1023 511 156 222
165 1 1023 511 156 222
166 1 1023 511 156 222
167 1 1023 511 156 222
168 1 1023 511 156 222
169 1 1023 511 156 222
170 1 1023 511 156 222
171 1 1023 511 156 222
172 1 1023 511 156 222
173 1 1023 511 156 222
174 1 1023 511 156 222
175 1 1023 511 156 222
176 1 1023 511 156 222
177 1 1023 511 156 222
178 1 1023 511 156 222
179 1 1023 511 156 222
180 1 1023 511 156 222
181 1 1023 511 156 222
182 1 1023 511 156 222
183 1 1023 511 156 222
184 1 1023 511 156 222
185 1 1023 511 156 222
186 1 1023 511 156 222
187 1 1023 511 156 222
188 1 1023 511 156 222
189 1 1023 511 156 222
190 1 1023 511 156 222
191 1 1023 511 156 222
192 1 1023 511 156 222
193 1 1023 511 156 222
194 1 1023 511 156 222
195 1 1023 511 156 222
196 1 1023 511 156 222
197 1 1023 511 156 222
198 1 1023 511 156 222
199 1 1023 511 156 222
200 1 1023 511 156 222
201 1 923 411 156 222
202 1 923 411 156 222
203 1 923 411 156 222
204 1 923 411 156 222
205 1 923 411 156 222
206 1 923 411 156 222
207 1 923 411 156 222
208 1 923 411 156 222
209 1 923 411 156 222
210 1 851 425 156 222
211 1 851 425 156 222
212 1 779 439 156 222
213 1 779 439 156 222
214 1 724 467 171 244
215 1 729 484 171 244
216 1 729 484 171 244
217 1 725 464 188 268
218 1 749 423 206 294
219 1 750 409 226 323
220 1 764 416 226 323
221 1 803 423 226 323
222 1 803 423 226 323
223 1 817 430 226 323
224 1 831 437 226 323
225 1 845 444 226 323
