55 1 841 485 128 122
56 1 791 511 160 152
57 1 786 504 176 167
58 1 783 500 193 183
59 1 782 473 212 201
60 1 866 483 161 152
61 1 866 482 201 190
62 1 876 465 152 144
63 1 891 458 167 158
64 1 891 458 208 197
65 1 902 443 158 149
66 1 897 462 173 163
67 1 903 466 173 163
68 1 903 491 173 163
69 1 928 491 173 163
70 1 934 495 173 163
71 1 931 491 190 179
72 1 926 488 209 196
73 1 876 488 261 245
74 1 943 505 198 186
75 1 954 515 176 165
76 1 960 519 176 165
77 1 960 519 176 165
78 1 966 523 176 165
79 1 916 523 220 206
80 1 862 498 275 257
81 1 846 505 302 282
82 1 846 505 302 282
83 1 849 505 302 282
84 1 849 505 302 282
85 1 849 505 302 282
86 1 849 505 302 282
87 1 852 505 302 282
88 1 844 521 268 250
89 1 816 515 268 250
90 1 838 534 268 250
91 1 838 534 268 250
92 1 872 540 294 275
93 1 872 540 294 275
94 1 859 555 261 244
95 1 863 560 287 268
96 1 863 560 287 268
97 1 874 544 315 294
98 1 874 544 315 294
99 1 841 560 280 261
100 1 841 560 280 261
101 1 841 560 280 261
102 1 841 560 280 261
103 1 856 574 249 232
104 1 856 574 249 232
105 1 856 574 249 232
106 1 885 574 249 232
107 1 870 578 273 255
108 1 845 578 273 255
109 1 870 578 273 255
110 1 868 598 273 255
111 1 877 580 300 280
112 1 877 580 300 280
113 1 889 595 267 249
114 1 889 595 267 249
115 1 889 614 267 249
116 1 900 596 293 273
117 1 900 596 293 273
118 1 911 636 260 242
119 1 916 616 286 266
120 1 902 600 314 292
121 1 902 600 314 292
122 1 907 626 238 221
123 1 907 626 238 221
124 1 882 601 297 276
125 1 909 599 297 276
126 1 971 558 326 303
127 1 937 546 358 333
128 1 937 521 358 333
129 1 862 571 358 333
130 1 862 571 358 333
131 1 875 579 358 333
132 1 938 562 358 333
133 1 976 595 272 253
134 1 1049 589 206 192
135 1 1060 623 156 145
136 1 1060 623 156 145
137 1 1060 623 156 145
138 1 1035 598 195 181
139 1 1046 633 173 161
140 1 1027 636 173 161
141 1 1062 645 153 143
142 1 1085 645 116 108
143 1 1055 645 145 135
144 1 1105 643 110 102
145 1 1120 661 83 77
146 1 1164 674 63 58
147 1 1164 674 63 58
148 1 1139 749 63 58
149 1 1125 759 63 58
150 1 1100 759 78 72
151 1 1149 684 78 72
152 1 1129 693 85 79
153 1 1044 781 85 79
154 1 1044 780 106 98
155 1 1023 755 132 122
156 1 993 756 165 152
157 1 943 730 206 190
158 1 918 730 206 190
159 1 929 765 183 169
160 1 929 765 183 169
161 1 911 769 183 169
162 1 896 778 162 150
163 1 846 752 202 187
164 1 796 677 252 233
165 1 775 656 277 256
166 1 746 656 277 256
167 1 765 701 210 194
168 1 777 660 159 147
169 1 755 686 120 111
170 1 726 705 120 111
171 1 708 711 106 98
172 1 708 711 106 98
173 1 708 711 106 98
174 1 712 711 106 98
175 1 656 628 80 74
176 1 616 662 88 81
