64 1 563 182 101 147
65 1 606 183 101 147
66 1 694 177 111 161
67 1 754 172 122 177
68 1 829 178 122 177
69 1 904 184 122 177
70 1 955 215 122 177
71 1 1004 196 122 177
72 1 1029 202 92 134
73 1 1029 202 92 134
74 1 1029 202 92 134
75 1 992 200 69 101
76 1 976 213 75 111
77 1 939 232 75 111
78 1 914 207 75 111
79 1 923 245 82 122
80 1 878 246 102 152
81 1 884 254 90 135
82 1 870 270 99 148
83 1 887 296 99 148
84 1 879 297 99 148
85 1 879 297 123 185
86 1 874 320 135 203
87 1 893 355 135 203
88 1 893 355 135 203
89 1 893 355 135 203
90 1 888 365 135 203
91 1 888 365 135 203
92 1 883 375 135 203
93 1 903 385 135 203
94 1 898 395 135 203
95 1 918 405 135 203
96 1 937 440 135 203
97 1 957 450 135 203
98 1 1044 475 148 223
99 1 1095 514 112 169
100 1 1135 543 85 128
101 1 1060 518 106 160
102 1 1065 518 132 200
103 1 1084 553 100 152
104 1 1092 571 110 167
105 1 1107 600 110 167
106 1 1127 625 110 167
107 1 1137 621 121 183
108 1 1148 631 107 162
109 1 1164 601 117 178
110 1 1181 607 88 135
111 1 1200 605 66 102
112 1 1215 598 66 102
113 1 1205 591 66 102
114 1 1217 579 72 112
115 1 1180 623 54 85
116 1 1161 613 54 85
117 1 1158 588 54 85
118 1 1136 574 59 93
119 1 1136 549 59 93
120 1 1096 515 59 93
121 1 1074 495 52 82
122 1 1122 421 65 102
123 1 1063 439 49 77
124 1 1120 488 61 96
125 1 1103 455 61 96
126 1 1100 430 61 96
127 1 1082 422 61 96
128 1 1061 409 67 105
129 1 1061 409 67 105
130 1 1061 409 67 105
131 1 1061 409 67 105
132 1 1051 403 50 79
133 1 1057 412 55 86
134 1 1057 412 55 86
135 1 1057 412 55 86
136 1 1057 412 55 86
137 1 1057 412 55 86
138 1 1057 412 55 86
139 1 1067 402 55 86
140 1 1067 402 55 86
141 1 1077 392 55 86
142 1 1062 407 55 86
143 1 972 322 55 86
144 1 907 312 41 65
145 1 939 324 41 65
146 1 964 325 51 81
147 1 998 314 51 81
148 1 1007 328 51 81
149 1 1007 328 51 81
150 1 1007 328 51 81
151 1 1007 328 51 81
152 1 1007 328 51 81
153 1 1007 328 51 81
154 1 957 303 51 81
155 1 1032 328 63 101
156 1 1057 278 63 101
157 1 1107 353 63 101
158 1 1143 321 63 101
159 1 1104 314 63 101
160 1 1104 314 63 101
161 1 1104 314 63 101
162 1 1104 314 63 101
163 1 1104 314 63 101
164 1 1104 314 63 101
165 1 1065 357 63 101
166 1 1065 357 63 101
