73 1 1025 167 114 226
74 1 1025 167 114 226
75 1 1025 167 114 226
76 1 1025 167 114 226
77 1 1025 167 114 226
78 1 1025 167 114 226
79 1 1025 167 114 226
80 1 1045 181 114 226
81 1 1040 195 114 226
82 1 1060 209 114 226
83 1 1060 209 114 226
84 1 1060 209 114 226
85 1 1080 223 114 226
86 1 1080 223 114 226
87 1 1100 237 114 226
88 1 1100 237 114 226
89 1 1100 237 114 226
90 1 1100 237 114 226
91 1 1120 226 114 226
92 1 1120 226 114 226
93 1 1115 240 114 226
94 1 1115 240 114 226
95 1 1090 290 142 282
96 1 1083 301 156 310
97 1 1083 301 156 310
98 1 1083 301 156 310
99 1 1083 301 156 310
100 1 1083 301 156 310
101 1 1083 301 156 310
102 1 1083 301 156 310
103 1 1083 301 156 310
104 1 1083 301 156 310
105 1 1083 301 156 310
106 1 1083 301 156 310
107 1 1011 255 156 310
108 1 1011 255 156 310
109 1 1011 255 156 310
110 1 939 259 156 310
111 1 939 259 156 310
112 1 939 259 156 310
113 1 939 259 156 310
114 1 942 263 156 310
115 1 945 292 156 310
116 1 948 321 156 310
117 1 951 375 156 310
118 1 979 379 156 310
119 1 982 408 156 310
120 1 1010 437 156 310
121 1 1010 437 156 310
122 1 1013 466 156 310
123 1 1016 470 156 310
124 1 1019 499 156 310
125 1 1022 503 156 310
126 1 1025 507 156 310
127 1 1028 511 156 310
128 1 1028 511 156 310
129 1 1028 511 156 310
130 1 1028 511 156 310
131 1 1028 511 156 310
132 1 1006 515 156 310
133 1 1006 515 156 310
134 1 1006 515 156 310
135 1 1006 515 156 310
136 1 1006 515 156 310
137 1 1006 515 156 310
138 1 1006 515 156 310
139 1 1006 515 156 310
140 1 1006 515 156 310
141 1 1006 515 156 310
142 1 1006 515 156 310
143 1 1034 469 156 310
144 1 1034 469 156 310
145 1 962 523 156 310
146 1 962 523 156 310
147 1 962 523 156 310
148 1 962 523 156 310
149 1 962 523 156 310
150 1 962 523 156 310
151 1 962 523 156 310
152 1 962 523 156 310
153 1 890 552 156 310
154 1 890 552 156 310
155 1 890 552 156 310
156 1 890 552 156 310
157 1 890 552 156 310
158 1 890 552 156 310
159 1 890 552 156 310
160 1 890 552 156 310
161 1 890 552 156 310
162 1 890 552 156 310
163 1 890 552 156 310
164 1 890 552 156 310
165 1 890 552 156 310
166 1 890 552 156 310
167 1 890 552 156 310
168 1 890 552 156 310
169 1 890 552 156 310
170 1 818 556 156 310
171 1 746 585 156 310
172 1 674 614 156 310
173 1 627 668 156 310
174 1 627 668 156 310
175 1 605 697 156 310
176 1 608 701 156 310
177 1 611 730 156 310
178 1 614 759 156 310
179 1 642 713 156 310
180 1 670 692 156 310
181 1 723 646 118 235
182 1 768 587 118 235
183 1 787 553 118 235
184 1 832 494 118 235
185 1 899 510 89 178
186 1 990 441 89 178
187 1 1008 422 89 178
188 1 1027 428 89 178
189 1 1027 428 89 178
190 1 1044 384 89 178
191 1 1040 440 89 178
192 1 1053 387 97 195
193 1 1045 471 97 195
194 1 1062 430 97 195
195 1 1054 464 97 195
196 1 1041 513 106 214
197 1 1061 476 106 214
198 1 1061 476 106 214
199 1 1060 539 106 214
200 1 1079 477 106 214
201 1 1079 477 106 214
