41 1 891 780 167 203
42 1 895 740 167 203
43 1 899 725 167 203
44 1 903 710 167 203
45 1 907 670 167 203
46 1 911 630 167 203
47 1 915 615 167 203
48 1 919 575 167 203
49 1 923 535 167 203
50 1 923 535 167 203
51 1 923 535 167 203
52 1 902 470 167 203
53 1 902 470 167 203
54 1 902 470 167 203
55 1 902 470 167 203
56 1 902 470 167 203
57 1 902 470 167 203
58 1 906 430 167 203
59 1 906 430 167 203
60 1 906 430 167 203
61 1 910 440 167 203
62 1 910 440 167 203
63 1 910 440 167 203
64 1 910 440 167 203
65 1 910 440 167 203
66 1 914 425 167 203
67 1 914 425 167 203
68 1 914 425 167 203
69 1 943 410 167 203
70 1 943 410 167 203
71 1 972 445 167 203
72 1 1001 430 126 154
73 1 1023 431 95 117
74 1 1023 431 95 117
75 1 1045 406 95 117
76 1 1045 406 95 117
77 1 1016 380 118 146
78 1 1033 381 89 110
79 1 1027 375 89 110
80 1 1006 349 111 137
81 1 1006 349 111 137
82 1 1022 348 84 104
83 1 1012 341 84 104
84 1 1002 334 84 104
85 1 992 327 84 104
86 1 992 327 84 104
87 1 1028 315 92 114
88 1 1028 315 92 114
89 1 991 310 92 114
90 1 991 310 92 114
91 1 991 310 92 114
92 1 987 310 92 114
93 1 987 310 92 114
94 1 994 324 101 125
95 1 994 324 101 125
96 1 994 324 101 125
97 1 1012 346 76 95
98 1 1007 345 95 118
99 1 1007 345 95 118
100 1 1007 345 95 118
101 1 1007 345 95 118
102 1 1020 340 95 118
103 1 1021 346 84 105
104 1 1021 346 84 105
105 1 1021 346 84 105
106 1 1021 322 105 131
107 1 1021 322 105 131
108 1 1021 322 105 131
109 1 1021 322 105 131
110 1 1021 322 105 131
111 1 1021 322 105 131
112 1 1043 320 105 131
113 1 1035 311 115 144
114 1 1035 311 115 144
115 1 1035 311 115 144
116 1 1035 311 115 144
117 1 1035 311 115 144
118 1 1035 311 115 144
119 1 1035 311 115 144
120 1 1030 311 115 144
121 1 1030 311 115 144
122 1 1030 311 115 144
123 1 1030 311 115 144
124 1 1025 336 87 109
125 1 1025 336 87 109
126 1 1025 336 87 109
127 1 1025 336 87 109
128 1 1025 336 87 109
129 1 1025 336 87 109
130 1 1025 336 87 109
131 1 1025 336 87 109
132 1 1050 311 108 136
133 1 1050 311 108 136
134 1 1019 334 82 103
135 1 949 334 102 128
136 1 1005 341 90 113
137 1 1005 341 90 113
138 1 1005 341 90 113
139 1 1005 341 90 113
140 1 955 341 90 113
141 1 955 341 90 113
142 1 946 336 90 113
143 1 946 336 90 113
144 1 937 331 90 113
145 1 937 331 90 113
