111 1 875 359 172 217
112 1 880 371 153 193
113 1 878 380 153 193
114 1 878 380 153 193
115 1 901 389 153 193
116 1 901 389 153 193
117 1 923 423 116 146
118 1 940 424 116 146
119 1 940 424 116 146
120 1 940 424 116 146
121 1 940 424 116 146
122 1 907 425 116 146
123 1 874 426 116 146
124 1 835 420 127 160
125 1 807 448 96 121
126 1 799 420 96 121
127 1 774 396 120 151
128 1 774 396 120 151
129 1 770 422 120 151
130 1 791 423 91 114
131 1 846 404 80 101
132 1 910 397 80 101
133 1 985 397 80 101
134 1 1099 415 80 101
135 1 1163 433 60 76
136 1 1219 446 45 57
137 1 1317 449 40 50
138 1 1224 483 40 50
139 1 1199 508 40 50
140 1 1181 517 40 50
141 1 1183 545 35 44
142 1 1164 552 35 44
143 1 1114 552 35 44
144 1 1093 557 38 48
145 1 1100 591 28 36
146 1 1079 595 30 39
147 1 1129 620 30 39
148 1 1104 620 37 48
149 1 1155 654 28 36
150 1 1180 679 28 36
151 1 1159 683 30 39
152 1 1140 690 30 39
153 1 1090 665 30 39
154 1 1069 645 33 42
155 1 1050 627 33 42
156 1 1029 607 36 46
157 1 1005 589 39 50
158 1 985 570 42 55
159 1 987 548 37 48
160 1 937 501 32 42
161 1 962 476 32 42
162 1 918 433 32 42
163 1 924 365 32 42
164 1 930 322 32 42
165 1 884 427 35 46
166 1 815 461 35 46
167 1 790 511 35 46
168 1 765 486 35 46
169 1 765 486 35 46
170 1 765 486 35 46
171 1 771 495 26 34
172 1 771 570 26 34
173 1 797 472 23 30
174 1 776 553 23 30
175 1 776 553 23 30
176 1 776 478 23 30
177 1 780 434 17 22
178 1 783 463 17 22
179 1 783 463 17 22
180 1 783 413 17 22
181 1 786 517 17 22
182 1 786 517 17 22
183 1 789 421 17 22
184 1 814 471 17 22
185 1 864 446 21 27
186 1 939 371 21 27
187 1 1015 397 18 24
188 1 1043 376 18 24
189 1 1118 476 18 24
190 1 1118 401 18 24
191 1 1119 377 16 21
192 1 1144 477 16 21
193 1 1169 427 20 26
194 1 1194 327 20 26
195 1 1191 302 20 26
196 1 1166 281 20 26
197 1 1112 334 22 28
198 1 1012 384 27 35
199 1 1116 340 27 35
200 1 1116 340 27 35
201 1 1116 340 27 35
202 1 1116 390 27 35
203 1 1091 365 27 35
204 1 1070 371 27 35
205 1 1049 477 27 35
206 1 1053 433 27 35
207 1 1082 489 20 26
208 1 1077 489 25 32
209 1 1102 539 31 40
210 1 1102 539 38 50
211 1 1107 570 41 55
212 1 1134 623 36 48
213 1 1134 623 36 48
214 1 1154 648 36 48
215 1 1154 648 36 48
216 1 1181 657 27 36
217 1 1181 682 27 36
218 1 1206 732 27 36
219 1 1232 684 24 32
220 1 1236 715 24 32
221 1 1240 721 18 24
222 1 1243 725 18 24
223 1 1243 725 18 24
224 1 1244 751 16 21
225 1 1219 726 16 21
226 1 1219 726 16 21
227 1 1144 751 20 26
228 1 1191 752 17 23
229 1 1169 806 17 23
230 1 1170 782 15 20
231 1 1172 759 16 22
232 1 1147 809 20 27
233 1 1121 734 20 27
234 1 1094 763 20 27
235 1 1041 738 20 27
236 1 1013 739 17 24
237 1 991 743 17 24
238 1 943 721 18 26
239 1 918 721 18 26
240 1 893 721 18 26
241 1 868 721 22 32
242 1 822 702 22 32
243 1 798 704 19 28
244 1 775 733 20 30
245 1 747 683 25 37
246 1 723 685 22 32
247 1 702 691 16 24
248 1 704 694 17 26
249 1 679 719 21 32
250 1 654 669 26 40
251 1 633 676 26 40
252 1 612 683 26 40
253 1 591 690 26 40
254 1 570 697 26 40
255 1 549 704 26 40
256 1 525 706 23 35
257 1 501 708 20 31
258 1 473 710 17 27
259 1 448 710 21 33
260 1 427 766 21 33
261 1 378 743 18 29
262 1 353 793 18 29
263 1 303 768 18 29
264 1 278 818 22 36
265 1 207 799 16 27
266 1 158 825 14 24
267 1 111 804 10 18
268 1 62 831 11 19
269 1 13 858 12 20
270 1 1 885 13 22
271 1 53 838 14 24
272 1 29 839 12 21
273 1 25 839 12 21
274 1 21 814 15 26
275 1 99 718 15 26
276 1 201 696 16 28
277 1 176 796 16 28
278 1 178 775 17 30
279 1 153 825 17 30
280 1 103 850 21 37
281 1 28 900 21 37
282 1 1 927 18 32
283 1 29 1008 13 24
284 1 3 1037 9 18
285 1 4 939 9 19
286 1 4 840 8 16
287 1 5 742 8 17
288 1 30 692 10 21
289 1 1 596 7 15
290 1 2 524 5 11
291 1 2 550 4 9
292 1 27 451 3 6
293 1 77 551 3 6
294 1 0 501 3 6
295 1 0 402 2 4
296 1 25 326 2 5
297 1 125 251 2 6
298 1 125 251 2 7
299 1 75 251 2 8
300 1 0 276 1 7
301 1 0 326 1 8
302 1 0 301 0 7
