88 1 969 467 101 151
89 1 957 460 111 166
90 1 957 460 111 166
91 1 983 494 98 147
92 1 983 494 98 147
93 1 1000 495 98 147
94 1 1017 521 74 111
95 1 1017 521 74 111
96 1 1005 515 74 111
97 1 1009 521 65 98
98 1 1009 521 65 98
99 1 999 513 65 98
100 1 999 513 65 98
101 1 903 513 65 98
102 1 1019 530 65 98
103 1 1023 530 65 98
104 1 977 530 65 98
105 1 1015 542 71 107
106 1 953 561 53 81
107 1 898 586 53 81
108 1 894 586 53 81
109 1 902 525 53 81
110 1 928 639 40 61
111 1 978 638 50 76
112 1 1009 647 55 83
113 1 1009 647 55 83
114 1 966 658 60 91
115 1 886 658 75 113
116 1 861 658 93 141
117 1 836 691 82 125
118 1 840 666 102 156
119 1 833 719 77 118
120 1 838 733 84 129
121 1 849 724 92 141
122 1 844 749 92 141
123 1 865 749 92 141
124 1 898 742 101 155
125 1 891 745 101 155
126 1 884 748 101 155
127 1 872 768 111 170
128 1 964 747 111 170
129 1 934 772 111 170
130 1 929 797 111 170
131 1 945 801 111 170
132 1 945 801 111 170
133 1 989 730 84 129
134 1 1004 827 63 98
135 1 1015 844 47 74
136 1 1077 832 47 74
137 1 1112 770 47 74
138 1 1074 758 35 56
139 1 1001 836 31 49
140 1 951 912 38 61
141 1 978 865 33 54
142 1 955 868 29 48
143 1 955 819 36 60
144 1 959 726 39 66
145 1 959 702 48 82
146 1 1012 653 60 102
147 1 1033 628 75 127
148 1 1058 628 93 158
149 1 1054 603 116 197
150 1 1046 613 116 197
151 1 1058 588 127 216
152 1 1065 625 113 192
153 1 1054 624 124 211
154 1 1054 624 124 211
155 1 1054 624 124 211
156 1 1054 574 155 263
157 1 1054 574 155 263
158 1 1054 574 155 263
159 1 1033 574 155 263
160 1 1036 524 193 328
161 1 1022 542 171 291
162 1 993 553 188 320
163 1 976 559 188 320
164 1 975 549 206 352
165 1 961 560 206 352
166 1 962 553 226 387
167 1 940 526 248 425
168 1 940 526 248 425
169 1 934 574 220 378
170 1 931 549 220 378
171 1 943 540 220 378
172 1 943 540 220 378
173 1 979 486 195 336
174 1 1013 469 148 255
175 1 988 444 185 318
176 1 911 583 203 349
177 1 846 544 203 349
178 1 781 630 154 265
179 1 785 645 137 235
180 1 760 645 137 235
181 1 760 645 137 235
182 1 760 645 137 235
183 1 743 658 121 209
184 1 722 658 121 209
185 1 722 658 121 209
186 1 726 658 121 209
187 1 767 584 133 229
188 1 786 624 101 174
189 1 804 605 101 174
190 1 792 602 111 191
191 1 788 602 111 191
192 1 788 602 111 191
193 1 874 736 111 191
194 1 935 870 111 191
195 1 936 906 98 169
196 1 941 915 87 150
197 1 1006 916 66 114
198 1 1035 916 66 114
199 1 953 986 50 86
200 1 953 886 62 107
201 1 971 961 62 107
202 1 971 961 62 107
203 1 1056 880 62 107
204 1 981 969 68 111
205 1 1018 938 68 111
206 1 1005 1007 68 73
207 1 992 1080 51 0
