55 1 886 294 188 262
56 1 869 289 188 262
57 1 852 309 188 262
58 1 835 304 188 262
59 1 845 318 167 233
60 1 816 322 183 256
61 1 823 317 183 256
62 1 830 337 183 256
63 1 837 332 183 256
64 1 837 332 183 256
65 1 862 332 183 256
66 1 862 332 183 256
67 1 897 346 162 227
68 1 950 410 123 172
69 1 976 440 93 130
70 1 915 413 70 98
71 1 1008 463 87 122
72 1 1008 464 108 152
73 1 1027 490 82 115
74 1 1042 504 90 126
75 1 1042 504 112 157
76 1 1069 513 99 139
77 1 1081 506 108 152
78 1 1100 507 82 115
79 1 1079 482 102 143
80 1 1085 490 90 127
81 1 1085 490 90 127
82 1 1101 487 90 127
83 1 1117 509 90 127
84 1 1133 506 90 127
85 1 1169 522 99 139
86 1 1169 522 99 139
87 1 1186 522 99 139
88 1 1186 522 99 139
89 1 1178 522 75 105
90 1 1162 511 82 115
91 1 1156 531 82 115
92 1 1156 531 82 115
93 1 1088 487 72 102
94 1 1126 505 54 77
95 1 1125 509 48 68
96 1 1129 509 48 68
97 1 1129 509 48 68
98 1 1129 509 48 68
99 1 1136 513 42 60
100 1 1141 495 46 66
101 1 1079 507 34 50
102 1 1154 482 34 50
103 1 1085 491 25 38
104 1 1114 498 19 28
105 1 1189 548 23 35
106 1 1240 550 20 31
107 1 1218 456 20 31
108 1 1285 531 25 38
109 1 1260 431 25 38
110 1 1285 431 25 38
111 1 1314 513 25 38
112 1 1340 540 22 33
113 1 1366 567 19 29
114 1 1342 494 16 25
115 1 1392 594 20 31
116 1 1365 571 17 27
117 1 1391 597 15 24
118 1 1392 498 13 21
119 1 1367 573 16 26
120 1 1344 576 17 28
121 1 1296 530 18 30
122 1 1296 630 18 30
123 1 1321 580 22 37
124 1 1322 557 19 32
125 1 1222 582 23 40
126 1 1222 582 23 40
127 1 1176 489 23 40
128 1 1202 566 20 35
129 1 1179 470 22 38
130 1 1183 552 22 38
131 1 1187 559 22 38
132 1 1162 559 22 38
133 1 1187 559 22 38
134 1 1166 541 22 38
135 1 1191 541 22 38
136 1 1141 441 22 38
137 1 1141 441 22 38
138 1 1192 468 19 33
139 1 1117 543 19 33
140 1 1120 549 19 33
141 1 1145 549 19 33
142 1 1220 474 23 41
143 1 1173 529 25 45
144 1 1198 479 25 45
145 1 1198 504 25 45
146 1 1127 586 25 45
147 1 1106 593 25 45
148 1 1081 593 25 45
149 1 1181 568 25 45
150 1 1181 468 25 45
151 1 1081 543 25 45
152 1 1160 525 25 45
153 1 1160 525 25 45
154 1 1060 525 25 45
155 1 1035 525 25 45
156 1 1110 499 31 56
157 1 1035 499 31 56
158 1 1066 484 31 56
159 1 1068 487 27 49
160 1 1093 487 27 49
161 1 1093 487 27 49
162 1 1093 487 27 49
163 1 1093 487 27 49
164 1 1093 487 27 49
165 1 1093 487 27 49
166 1 1168 437 27 49
167 1 1243 537 27 49
168 1 1193 512 27 49
169 1 1222 521 27 49
170 1 1226 530 20 37
171 1 1226 530 20 37
172 1 1225 536 20 37
173 1 1224 542 20 37
174 1 1220 542 20 37
175 1 1217 544 17 32
176 1 1195 525 17 32
177 1 1270 475 17 32
178 1 1172 429 18 35
179 1 1200 510 18 35
180 1 1200 510 18 35
181 1 1125 410 22 43
182 1 1179 492 22 43
183 1 1154 492 22 43
184 1 1158 499 16 32
185 1 1135 503 17 35
186 1 1085 453 17 35
187 1 1113 534 17 35
188 1 1088 559 17 35
189 1 1091 565 17 35
190 1 1094 571 17 35
191 1 1094 571 17 35
192 1 1094 571 17 35
193 1 1094 571 17 35
194 1 1121 550 18 38
195 1 1099 557 13 28
196 1 1099 557 13 28
197 1 1100 559 11 24
198 1 1126 560 9 21
199 1 1051 511 8 18
200 1 1126 562 7 16
201 1 1126 562 7 16
202 1 1126 562 7 16
203 1 1151 462 8 20
204 1 1152 539 8 22
205 1 1127 540 7 19
206 1 1077 490 8 23
207 1 1153 519 8 23
208 1 1128 519 10 28
209 1 1129 521 8 24
210 1 1129 521 8 24
211 1 1129 521 8 24
212 1 1129 522 7 21
213 1 1029 447 7 21
214 1 1079 472 8 26
215 1 1105 375 8 28
216 1 1105 375 8 28
217 1 1206 405 6 21
218 1 1131 505 6 21
219 1 1032 433 6 23
220 1 1133 512 6 23
221 1 1084 465 6 25
222 1 1085 369 4 19
223 1 1102 470 3 16
224 1 1177 495 3 16
225 1 1077 445 3 20
226 1 1002 422 3 22
227 1 1027 425 3 24
228 1 1027 454 2 18
229 1 1077 404 2 22
230 1 1077 382 2 24
231 1 1152 408 1 21
232 1 1127 433 1 21
233 1 1052 411 1 23
234 1 1077 436 1 23
235 1 1052 415 0 17
