77 1 1238 395 175 302
78 1 1210 383 192 332
79 1 1184 374 211 365
80 1 1171 369 187 324
81 1 1119 360 205 356
82 1 1105 355 182 316
83 1 1062 335 182 316
84 1 1019 340 182 316
85 1 994 340 182 316
86 1 951 345 182 316
87 1 926 345 182 316
88 1 899 359 200 347
89 1 874 378 220 381
90 1 870 378 220 381
91 1 870 378 220 381
92 1 816 353 275 476
93 1 816 378 275 476
94 1 839 386 209 361
95 1 825 399 209 361
96 1 811 412 209 361
97 1 787 432 229 397
98 1 766 432 251 436
99 1 780 431 223 388
100 1 758 430 245 426
101 1 749 429 245 426
102 1 740 428 245 426
103 1 750 426 218 379
104 1 850 426 272 473
105 1 834 410 299 520
106 1 836 401 299 520
107 1 838 392 299 520
108 1 879 396 266 462
109 1 898 421 236 411
110 1 932 444 210 365
111 1 933 440 231 401
112 1 946 462 205 356
113 1 947 457 225 391
114 1 984 479 200 347
115 1 984 473 220 381
116 1 971 465 220 381
117 1 983 457 220 381
118 1 983 457 220 381
119 1 954 457 220 381
120 1 941 449 220 381
121 1 912 449 220 381
122 1 912 449 220 381
123 1 912 449 220 381
124 1 912 449 220 381
125 1 912 449 220 381
126 1 848 466 220 381
127 1 848 466 220 381
128 1 848 466 220 381
129 1 848 466 220 381
130 1 810 458 220 381
131 1 810 458 220 381
132 1 796 475 220 381
133 1 801 642 220 381
134 1 812 659 220 381
135 1 824 651 220 381
136 1 824 651 220 381
137 1 824 651 220 381
138 1 824 651 220 381
139 1 824 651 220 381
140 1 819 676 220 381
141 1 806 668 220 381
142 1 806 668 220 381
143 1 806 668 220 381
144 1 806 668 220 381
145 1 806 668 220 381
146 1 806 668 220 381
147 1 718 589 195 339
148 1 718 589 195 339
149 1 718 589 195 339
150 1 718 589 195 339
151 1 718 589 195 339
152 1 718 589 195 339
153 1 718 589 195 339
154 1 718 589 195 339
155 1 718 589 195 339
156 1 727 574 195 339
157 1 727 574 195 339
158 1 727 574 195 339
159 1 727 574 195 339
160 1 727 574 195 339
161 1 727 574 195 339
162 1 736 584 195 339
163 1 661 485 243 423
164 1 661 485 243 423
165 1 711 435 303 528
166 1 689 452 303 528
167 1 692 444 303 528
168 1 692 444 303 528
169 1 692 444 303 528
170 1 692 444 303 528
171 1 684 473 269 469
172 1 659 473 269 469
173 1 631 480 269 469
174 1 628 487 269 469
175 1 628 487 269 469
176 1 628 487 269 469
177 1 650 469 269 469
178 1 622 501 269 469
179 1 681 460 295 515
180 1 626 460 368 620
181 1 651 460 368 620
182 1 647 462 404 618
183 1 694 437 404 618
184 1 694 437 404 618
185 1 643 439 444 641
186 1 643 439 444 641
187 1 597 444 488 636
188 1 597 444 488 636
189 1 601 444 488 636
190 1 604 419 488 636
191 1 615 430 488 636
192 1 594 430 488 636
193 1 594 430 488 636
194 1 594 430 488 636
195 1 581 409 536 671
196 1 572 393 589 687
197 1 546 379 647 701
198 1 546 379 647 701
199 1 546 379 647 701
200 1 546 379 647 701
201 1 550 379 647 701
202 1 579 379 647 701
203 1 579 379 647 701
204 1 593 402 647 678
205 1 593 402 647 678
206 1 607 420 647 660
207 1 607 420 647 660
208 1 585 395 647 660
209 1 589 395 647 660
210 1 592 370 647 660
211 1 596 370 647 660
212 1 575 370 647 660
213 1 575 370 647 660
214 1 554 370 647 660
215 1 558 370 647 660
216 1 537 370 647 660
217 1 551 385 647 660
218 1 615 396 575 587
219 1 515 371 718 709
220 1 515 371 718 709
221 1 590 395 545 538
222 1 590 395 545 538
223 1 610 390 545 538
