0 0
1 0
2 0
3 0
4 0
5 0
6 0
7 0
8 0
9 0
10 0
11 0
12 0
13 0
14 0
15 0
16 0
17 0
18 0
19 0
20 0
21 0
22 0
23 0
24 0
25 0
26 0
27 0
28 0
29 0
30 0
31 0
32 0
33 0
34 0
35 0
36 0
37 0
38 0
39 0
40 0
41 0
42 0
43 0
44 0
45 0
46 0
47 0
48 0
49 0
50 0
51 0
52 0
53 0
54 0
55 0
56 0
57 0
58 0
59 0
60 0
61 0
62 0
63 0
64 0
65 0
66 0
67 0
68 0
69 0
70 1 538 202 126 110
71 1 544 208 126 110
72 1 592 214 124 102
73 1 626 208 124 102
74 1 668 204 124 102
75 1 696 196 124 102
76 1 726 188 124 102
77 1 744 188 124 102
78 1 758 190 124 102
79 1 768 192 124 102
80 1 776 188 130 118
81 1 780 188 130 118
82 1 788 194 130 118
83 1 798 200 130 118
84 1 798 210 130 118
85 1 808 220 130 118
86 1 820 228 130 118
87 1 824 242 130 118
88 1 828 248 130 118
89 1 826 262 130 118
90 1 826 258 130 118
91 1 832 260 130 118
92 1 836 270 130 118
93 1 840 282 130 118
94 1 834 286 156 130
95 1 834 298 156 130
96 1 834 298 156 130
97 1 834 298 156 130
98 1 842 296 156 130
99 1 854 300 156 130
100 1 844 292 184 156
101 1 852 296 184 156
102 1 854 314 184 156
103 1 868 336 184 156
104 1 870 362 184 156
105 1 870 374 208 178
106 1 874 394 208 178
107 1 878 422 208 178
108 1 890 444 208 178
109 1 890 468 208 178
110 1 898 480 208 178
111 1 898 480 208 178
112 1 898 488 208 178
113 1 896 474 232 220
114 1 892 484 232 220
115 1 898 506 232 220
116 1 898 512 232 220
117 1 904 524 232 220
118 1 904 524 232 220
119 1 906 540 232 220
120 1 906 540 232 220
121 1 912 550 232 220
122 1 924 560 232 220
123 1 924 560 232 220
124 1 924 560 232 220
125 1 924 572 232 220
126 1 904 556 280 268
127 1 916 562 280 268
128 1 916 562 280 268
129 1 916 562 280 268
130 1 916 562 280 268
131 1 916 562 280 268
132 1 916 562 280 268
133 1 916 562 280 268
134 1 916 562 280 268
135 1 916 562 280 268
136 1 916 562 280 268
137 1 916 562 280 268
138 1 916 562 280 268
139 1 914 538 280 268
140 1 914 538 280 268
141 1 912 520 280 268
142 1 912 520 280 268
143 1 914 492 280 268
144 1 914 484 280 268
145 1 908 462 318 288
146 1 932 452 318 288
147 1 936 444 318 288
148 1 944 424 340 320
149 1 942 412 340 320
150 1 968 370 344 362
151 1 974 380 344 362
152 1 980 372 344 362
153 1 984 370 344 362
154 1 984 370 344 362
155 1 984 370 344 362
156 1 984 370 344 362
157 1 980 356 344 362
158 1 954 346 388 370
159 1 954 346 388 370
160 1 954 346 388 370
161 1 954 346 388 370
162 1 954 346 388 370
163 1 954 346 388 370
164 1 954 346 388 370
165 1 954 346 388 370
166 1 954 346 388 370
167 1 954 346 388 370
168 1 954 346 388 370
169 1 954 346 388 370
170 1 954 346 388 370
171 1 956 328 388 370
172 1 956 328 388 370
173 1 956 328 388 370
174 1 908 304 450 426
175 1 908 304 450 426
176 1 908 316 450 426
177 1 908 316 450 426
178 1 908 316 450 426
179 1 894 334 450 426
