0 0
1 0
2 0
3 0
4 0
5 0
6 0
7 0
8 0
9 0
10 0
11 0
12 0
13 0
14 0
15 0
16 0
17 0
18 0
19 0
20 0
21 0
22 0
23 0
24 0
25 0
26 0
27 0
28 0
29 0
30 0
31 0
32 0
33 0
34 0
35 0
36 0
37 0
38 0
39 0
40 0
41 0
42 0
43 0
44 1 952 406 166 134
45 1 952 416 166 134
46 1 946 418 166 134
47 1 946 418 166 134
48 1 940 422 166 134
49 1 940 424 166 134
50 1 928 418 170 150
51 1 928 418 170 150
52 1 922 424 170 150
53 1 918 442 170 150
54 1 918 442 170 150
55 1 918 442 170 150
56 1 918 442 170 150
57 1 918 442 170 150
58 1 918 442 170 150
59 1 918 448 170 150
60 1 920 462 170 150
61 1 904 464 198 146
62 1 904 464 198 146
63 1 904 472 198 146
64 1 912 488 198 146
65 1 916 498 208 178
66 1 916 498 208 178
67 1 916 516 208 178
68 1 926 524 208 178
69 1 926 554 208 178
70 1 920 580 208 178
71 1 906 578 264 196
72 1 906 584 264 196
73 1 914 592 264 196
74 1 936 588 250 212
75 1 940 602 250 212
76 1 940 602 250 212
77 1 940 602 250 212
78 1 940 602 250 212
79 1 940 602 250 212
80 1 940 602 250 212
81 1 940 602 250 212
82 1 940 602 250 212
83 1 940 602 250 212
84 1 940 602 250 212
85 1 934 602 250 212
86 1 926 606 250 212
87 1 912 588 264 222
88 1 912 580 264 222
89 1 912 560 264 222
90 1 916 550 264 222
91 1 910 530 264 222
92 1 908 508 264 222
93 1 912 482 268 236
94 1 912 466 268 236
95 1 912 466 268 236
96 1 910 454 268 236
97 1 906 436 296 260
98 1 902 426 296 260
99 1 896 418 296 260
100 1 896 418 296 260
101 1 896 418 296 260
102 1 896 418 296 260
103 1 886 420 296 260
104 1 886 420 296 260
105 1 874 426 296 260
106 1 874 426 296 260
107 1 870 430 296 260
108 1 870 430 296 260
109 1 866 438 296 260
110 1 866 438 296 260
111 1 866 438 296 260
112 1 866 438 296 260
113 1 866 438 296 260
114 1 866 438 296 260
115 1 864 448 296 260
116 1 864 448 296 260
117 1 864 448 296 260
118 1 864 448 296 260
119 1 864 448 296 260
120 1 864 448 296 260
121 1 872 438 296 260
122 1 872 438 296 260
123 1 872 438 296 260
124 1 872 438 296 260
125 1 872 438 296 260
126 1 882 420 306 278
127 1 882 420 306 278
128 1 882 420 306 278
129 1 882 420 306 278
130 1 882 420 306 278
131 1 882 420 306 278
132 1 882 420 306 278
133 1 882 420 306 278
134 1 882 420 306 278
135 1 882 420 306 278
136 1 882 420 306 278
137 1 882 420 306 278
138 1 882 420 306 278
139 1 886 402 306 278
140 1 886 396 306 278
141 1 886 396 306 278
142 1 886 372 328 320
143 1 886 372 328 320
144 1 886 372 328 320
145 1 886 372 328 320
