0 0
1 0
2 0
3 0
4 0
5 0
6 0
7 0
8 0
9 0
10 0
11 0
12 0
13 0
14 0
15 0
16 0
17 0
18 0
19 0
20 0
21 0
22 0
23 0
24 0
25 0
26 0
27 0
28 0
29 0
30 0
31 0
32 0
33 0
34 0
35 0
36 0
37 0
38 0
39 0
40 0
41 0
42 0
43 0
44 0
45 0
46 0
47 0
48 0
49 0
50 0
51 0
52 0
53 0
54 0
55 0
56 0
57 0
58 0
59 0
60 0
61 0
62 0
63 0
64 0
65 0
66 0
67 0
68 0
69 0
70 0
71 0
72 0
73 0
74 0
75 0
76 0
77 0
78 0
79 0
80 0
81 0
82 0
83 0
84 0
85 0
86 0
87 0
88 0
89 0
90 0
91 0
92 0
93 0
94 0
95 1 864 382 86 110
96 1 848 378 86 110
97 1 824 378 86 110
98 1 814 364 86 110
99 1 800 358 104 128
100 1 792 356 114 132
101 1 792 356 114 132
102 1 794 342 114 132
103 1 796 316 114 132
104 1 806 296 114 132
105 1 806 296 114 132
106 1 814 292 138 148
107 1 814 292 138 148
108 1 824 292 138 148
109 1 838 292 152 160
110 1 844 298 152 160
111 1 858 302 152 160
112 1 868 300 152 160
113 1 886 292 158 178
114 1 894 288 158 178
115 1 902 272 158 178
116 1 908 254 170 200
117 1 914 254 182 194
118 1 908 242 194 222
119 1 920 248 194 222
120 1 924 266 194 222
121 1 938 282 194 222
122 1 940 284 208 230
123 1 952 296 208 230
124 1 962 312 208 230
125 1 966 324 208 230
126 1 972 340 208 230
127 1 972 358 208 230
128 1 980 384 208 230
129 1 982 402 248 238
130 1 990 412 248 238
131 1 1010 424 248 238
132 1 1024 440 248 238
133 1 1038 452 248 238
134 1 1046 462 248 238
135 1 1048 472 248 238
136 1 1056 466 248 238
137 1 1066 464 248 238
138 1 1066 464 248 238
139 1 1066 474 248 238
140 1 1066 474 248 238
141 1 1066 474 248 238
142 1 1066 474 248 238
143 1 1066 474 248 238
144 1 1038 442 306 262
145 1 1038 442 306 262
146 1 1038 442 306 262
147 1 1038 442 306 262
148 1 1004 408 326 308
149 1 1004 408 326 308
150 1 984 416 326 308
151 1 984 416 326 308
152 1 946 416 352 320
153 1 920 418 352 320
154 1 898 422 352 320
155 1 848 426 400 302
156 1 848 426 400 302
157 1 832 444 400 302
158 1 814 476 400 302
159 1 820 476 372 330
160 1 816 490 372 330
161 1 816 502 372 330
162 1 816 502 372 330
163 1 794 480 370 362
164 1 794 480 370 362
165 1 782 480 370 362
166 1 766 482 370 362
167 1 760 488 370 362
168 1 746 490 370 362
169 1 726 486 370 362
170 1 714 484 370 362
171 1 678 484 428 310
172 1 672 474 428 310
173 1 660 440 448 348
174 1 660 440 448 348
175 1 660 440 448 348
176 1 676 414 424 368
177 1 706 388 424 368
178 1 706 388 424 368
179 1 724 364 376 388
180 1 764 368 332 384
181 1 764 368 332 384
182 1 780 370 304 360
183 1 780 370 304 360
184 1 796 376 302 322
185 1 796 376 302 322
186 1 824 382 302 322
187 1 856 348 274 364
188 1 864 366 286 350
189 1 872 364 290 330
190 1 892 380 288 324
191 1 892 380 288 324
192 1 948 366 268 318
193 1 948 366 268 318
194 1 948 366 268 318
195 1 948 366 268 318
196 1 954 340 290 310
197 1 958 354 284 290
198 1 958 354 284 290
199 1 952 330 304 326
200 1 944 368 316 302
201 1 944 368 316 302
202 1 952 354 270 302
203 1 952 354 270 302
204 1 952 354 270 302
205 1 952 354 270 302
206 1 952 354 270 302
207 1 952 354 270 302
208 1 938 352 270 302
209 1 926 358 270 302
210 1 918 384 270 302
211 1 914 406 270 302
212 1 914 406 270 302
213 1 890 440 302 270
214 1 890 440 302 270
215 1 890 448 302 270
216 1 892 462 302 270
217 1 892 462 302 270
218 1 892 462 302 270
219 1 922 462 302 270
