0 0
1 0
2 0
3 0
4 0
5 0
6 0
7 0
8 0
9 0
10 0
11 0
12 1 1198 256 112 92
13 1 1172 254 112 92
14 1 1144 244 112 92
15 1 1122 248 112 92
16 1 1112 252 112 92
17 1 1106 264 112 92
18 1 1096 274 118 104
19 1 1092 278 118 104
20 1 1092 278 118 104
21 1 1112 270 118 104
22 1 1124 268 118 104
23 1 1130 274 118 104
24 1 1126 278 118 104
25 1 1116 278 118 104
26 1 1102 280 118 104
27 1 1090 278 118 104
28 1 1080 276 118 104
29 1 1060 266 148 128
30 1 1048 262 148 128
31 1 1032 266 148 128
32 1 1022 266 148 128
33 1 1022 266 148 128
34 1 1010 264 148 128
35 1 996 260 148 128
36 1 990 268 148 128
37 1 982 292 148 128
38 1 970 304 168 148
39 1 970 328 168 148
40 1 970 338 168 148
41 1 970 348 168 148
42 1 970 362 168 148
43 1 970 368 168 148
44 1 968 382 168 148
45 1 966 396 168 148
46 1 964 412 168 148
47 1 964 416 168 148
48 1 954 422 168 148
49 1 948 434 168 148
50 1 926 446 204 194
51 1 920 484 204 194
52 1 920 484 204 194
53 1 920 484 204 194
54 1 920 484 204 194
55 1 912 508 204 194
56 1 924 506 204 194
57 1 930 508 204 194
58 1 930 518 226 216
59 1 934 544 226 216
60 1 936 562 226 216
61 1 950 568 226 216
62 1 974 576 226 216
63 1 992 576 226 216
64 1 1012 584 226 216
65 1 1014 586 258 244
66 1 1028 594 258 244
67 1 1044 594 258 244
68 1 1074 606 258 244
69 1 1098 604 258 244
70 1 1112 602 258 244
71 1 1116 612 258 244
72 1 1112 608 280 258
73 1 1118 634 280 258
74 1 1118 634 280 258
75 1 1118 644 280 258
76 1 1112 658 280 258
77 1 1126 670 280 258
78 1 1116 678 280 258
79 1 1110 668 280 258
80 1 1102 656 280 258
81 1 1112 640 280 258
82 1 1114 624 280 258
83 1 1106 582 300 294
84 1 1084 562 300 294
85 1 1068 530 300 294
86 1 1046 468 332 342
87 1 1028 440 332 342
88 1 994 388 376 360
89 1 986 378 376 360
90 1 960 350 430 342
91 1 952 322 430 342
92 1 928 288 440 360
93 1 908 272 448 370
94 1 890 264 470 360
95 1 850 230 528 386
96 1 850 230 528 386
97 1 850 230 528 386
98 1 846 212 508 410
99 1 846 212 508 410
100 1 846 212 508 410
101 1 846 212 508 410
102 1 852 194 508 410
103 1 852 184 508 410
104 1 878 146 454 448
105 1 896 128 454 448
106 1 896 128 454 448
107 1 920 164 414 386
108 1 924 174 414 386
109 1 924 174 414 386
110 1 960 180 406 376
111 1 960 180 406 376
112 1 964 168 416 368
113 1 964 168 416 368
114 1 964 168 416 368
115 1 964 188 416 368
116 1 964 188 416 368
117 1 944 192 466 362
118 1 944 192 466 362
119 1 936 200 466 362
120 1 936 200 466 362
121 1 936 200 466 362
122 1 936 200 466 362
123 1 940 186 466 362
124 1 940 186 466 362
125 1 946 178 466 362
126 1 946 178 466 362
127 1 952 174 466 362
128 1 968 180 466 362
129 1 972 190 466 362
130 1 978 202 466 362
131 1 986 226 466 362
132 1 1026 262 396 338
133 1 1016 302 396 338
134 1 1042 340 352 302
135 1 1038 362 352 302
136 1 1040 386 352 302
137 1 1042 404 352 302
138 1 1066 430 328 292
139 1 1070 446 328 292
140 1 1090 458 298 294
141 1 1102 460 298 294
142 1 1106 478 298 294
