0 0
1 0
2 0
3 0
4 0
5 0
6 0
7 0
8 0
9 0
10 0
11 0
12 0
13 0
14 0
15 0
16 0
17 0
18 0
19 0
20 0
21 0
22 0
23 0
24 0
25 0
26 0
27 0
28 0
29 0
30 0
31 0
32 0
33 0
34 0
35 0
36 0
37 0
38 0
39 0
40 0
41 0
42 0
43 0
44 0
45 0
46 0
47 0
48 0
49 0
50 0
51 0
52 0
53 0
54 0
55 0
56 0
57 0
58 0
59 0
60 0
61 0
62 0
63 0
64 0
65 0
66 0
67 0
68 0
69 0
70 0
71 0
72 0
73 0
74 0
75 0
76 0
77 0
78 0
79 0
80 0
81 0
82 0
83 0
84 0
85 0
86 0
87 0
88 1 1090 772 266 264
89 1 1032 742 266 264
90 1 980 738 266 264
91 1 924 730 266 264
92 1 872 716 266 264
93 1 810 694 266 264
94 1 772 688 266 264
95 1 718 676 266 264
96 1 694 678 266 264
97 1 676 644 266 264
98 1 676 618 252 244
99 1 678 582 252 244
100 1 680 566 252 244
101 1 688 548 252 244
102 1 694 526 252 244
103 1 710 518 252 244
104 1 722 504 252 244
105 1 742 498 252 244
106 1 752 496 252 244
107 1 768 494 252 244
108 1 782 488 252 244
109 1 798 470 252 244
110 1 798 470 252 244
111 1 814 464 252 244
112 1 814 464 252 244
113 1 830 474 252 244
114 1 830 474 252 244
115 1 852 486 252 244
116 1 866 498 252 244
117 1 874 504 252 244
118 1 878 512 252 244
119 1 896 514 252 244
120 1 896 514 252 244
121 1 896 514 252 244
122 1 896 514 252 244
123 1 908 528 252 244
124 1 908 528 252 244
125 1 908 528 252 244
126 1 908 528 252 244
127 1 918 528 252 244
128 1 918 528 252 244
129 1 918 528 252 244
130 1 918 528 252 244
131 1 918 528 252 244
132 1 918 528 252 244
133 1 918 514 252 244
134 1 918 514 252 244
135 1 912 512 252 244
136 1 912 512 252 244
137 1 910 496 252 244
138 1 906 474 262 266
139 1 906 474 262 266
140 1 906 474 262 266
141 1 906 474 262 266
142 1 906 474 262 266
143 1 906 474 262 266
144 1 932 460 240 296
145 1 932 460 240 296
146 1 914 466 240 296
147 1 914 466 240 296
148 1 914 472 240 296
149 1 912 474 240 296
150 1 920 470 242 324
151 1 920 470 242 324
152 1 904 466 242 324
153 1 904 466 242 324
154 1 904 466 242 324
155 1 910 454 242 324
156 1 910 454 242 324
157 1 910 454 242 324
158 1 910 454 242 324
159 1 912 450 242 324
160 1 912 450 242 324
161 1 906 436 278 336
162 1 906 436 278 336
163 1 894 432 278 336
164 1 894 432 278 336
165 1 886 418 296 352
166 1 886 418 296 352
167 1 860 422 328 340
168 1 860 422 328 340
169 1 850 426 328 340
170 1 850 426 328 340
171 1 844 426 328 340
172 1 838 434 328 340
173 1 838 434 328 340
174 1 838 434 328 340
175 1 848 440 322 320
176 1 848 440 322 320
177 1 854 476 318 286
178 1 854 476 318 286
179 1 854 476 318 286
180 1 854 476 318 286
181 1 844 484 340 276
182 1 844 484 340 276
183 1 844 484 340 276
184 1 844 484 340 276
185 1 844 484 340 276
186 1 844 488 340 276
187 1 850 484 332 298
188 1 856 476 332 298
189 1 868 452 320 324
190 1 868 452 320 324
191 1 874 442 320 324
192 1 874 440 320 324
193 1 874 440 320 324
194 1 874 440 320 324
195 1 874 440 320 324
196 1 876 432 282 324
197 1 876 432 282 324
198 1 876 432 282 324
199 1 868 454 282 314
200 1 868 454 282 314
201 1 868 454 282 314
202 1 868 454 282 314
203 1 868 470 282 314
204 1 868 470 282 314
205 1 868 470 282 314
206 1 868 470 282 314
207 1 868 470 282 314
208 1 868 470 282 314
209 1 868 470 282 314
210 1 868 470 282 314
211 1 868 470 282 314
212 1 868 470 282 314
213 1 868 470 282 314
214 1 876 476 282 314
215 1 876 476 282 314
216 1 886 504 268 276
217 1 886 504 268 276
218 1 886 504 268 276
219 1 886 504 268 276
220 1 886 504 268 276
221 1 886 504 268 276
222 1 886 504 268 276
223 1 896 520 268 276
224 1 896 520 268 276
225 1 902 528 268 276
226 1 902 528 268 276
227 1 902 528 268 276
228 1 902 528 268 276
229 1 920 524 268 276
230 1 920 524 268 276
231 1 920 524 268 276
232 1 920 524 268 276
233 1 934 524 268 276
234 1 934 524 268 276
235 1 934 524 268 276
236 1 934 524 268 276
237 1 934 524 268 276
238 1 934 524 268 276
239 1 934 524 268 276
240 1 934 524 268 276
241 1 934 524 268 276
242 1 934 524 268 276
243 1 934 524 268 276
244 1 918 524 268 276
245 1 918 524 268 276
246 1 918 524 268 276
247 1 918 524 268 276
248 1 918 524 268 276
249 1 952 546 240 252
250 1 952 546 240 252
251 1 952 546 240 252
252 1 952 546 240 252
253 1 952 546 240 252
254 1 946 528 240 252
255 1 946 528 240 252
256 1 950 518 240 252
257 1 950 518 240 252
258 1 956 512 240 252
259 1 968 508 240 252
260 1 974 506 240 252
261 1 986 506 240 252
262 1 994 508 240 252
263 1 1002 506 240 252
264 1 1010 506 240 252
265 1 1022 496 240 252
266 1 1032 496 240 252
267 1 1044 498 240 252
268 1 1058 502 240 252
269 1 1068 504 240 252
270 1 1076 508 240 252
271 1 1102 514 240 252
272 1 1128 524 240 252
273 1 1142 528 240 252
274 1 1150 540 240 252
275 1 1176 548 240 252
276 1 1188 558 240 252
