0 0
1 0
2 0
3 0
4 0
5 0
6 0
7 0
8 0
9 0
10 0
11 0
12 0
13 0
14 0
15 0
16 0
17 0
18 0
19 0
20 0
21 0
22 0
23 0
24 0
25 0
26 0
27 0
28 0
29 0
30 0
31 0
32 0
33 0
34 0
35 0
36 0
37 0
38 0
39 0
40 0
41 0
42 0
43 0
44 0
45 0
46 0
47 0
48 0
49 1 1686 582 228 224
50 1 1676 582 228 224
51 1 1660 582 228 224
52 1 1648 568 228 224
53 1 1628 562 228 224
54 1 1606 546 228 224
55 1 1580 532 228 224
56 1 1556 534 228 224
57 1 1540 510 228 224
58 1 1504 490 228 224
59 1 1494 472 228 224
60 1 1484 452 228 224
61 1 1460 412 228 224
62 1 1446 406 228 224
63 1 1432 374 220 232
64 1 1432 362 220 232
65 1 1444 354 220 232
66 1 1460 346 218 228
67 1 1464 344 218 228
68 1 1494 344 218 228
69 1 1540 348 218 228
70 0
71 0
72 0
73 0
74 0
75 0
76 0
77 0
78 0
79 0
80 0
81 0
82 0
83 0
84 0
85 0
86 0
87 0
88 0
89 0
90 0
91 0
92 0
93 0
94 0
95 0
96 0
97 0
98 0
99 1 1564 392 238 192
100 1 1520 376 238 192
101 1 1504 352 238 192
102 1 1476 336 238 192
103 1 1452 326 238 192
104 1 1422 320 238 192
105 1 1390 308 238 192
106 1 1358 298 238 192
107 1 1330 292 238 192
108 0
109 0
110 0
111 0
112 0
113 0
114 0
115 0
116 1 976 242 202 216
117 1 976 242 202 216
118 1 952 238 202 216
119 1 952 238 202 216
120 1 924 238 202 216
121 1 924 238 202 216
122 1 906 250 202 216
123 1 906 250 202 216
124 1 910 280 202 216
125 1 914 284 202 216
126 1 914 284 202 216
127 1 914 284 202 216
128 1 920 318 202 216
129 1 934 324 202 216
130 1 946 346 236 222
131 1 946 346 236 222
132 1 956 370 236 222
133 1 956 370 236 222
134 1 960 398 236 222
135 1 968 414 236 222
136 1 968 414 236 222
137 1 994 426 236 228
138 1 994 426 236 228
139 1 994 426 236 228
140 1 994 426 236 228
141 1 998 432 236 228
142 1 998 432 236 228
143 1 998 432 236 228
144 1 998 432 236 228
145 1 998 432 236 228
146 1 998 432 236 228
147 1 998 432 236 228
148 1 998 432 236 228
149 1 998 432 236 228
150 1 998 432 236 228
151 1 998 432 236 228
152 1 998 432 236 228
153 1 1016 436 298 254
154 1 1016 436 298 254
155 1 1004 426 298 254
156 1 1004 426 298 254
157 1 996 398 298 254
158 1 980 372 298 254
159 1 956 372 298 254
160 1 950 356 298 254
161 1 950 356 298 254
162 1 946 356 298 254
163 1 932 348 298 254
164 1 924 318 318 286
165 1 916 306 318 286
166 1 912 290 318 286
167 1 922 258 310 332
168 1 922 240 310 332
169 1 906 220 306 374
170 1 906 220 306 374
171 1 876 210 352 410
172 1 850 228 352 410
173 1 834 232 352 410
174 1 818 238 352 410
175 1 798 250 352 410
176 1 798 250 352 410
177 1 798 250 352 410
178 1 786 262 352 410
179 1 786 262 352 410
180 1 786 262 352 410
181 1 786 262 352 410
182 1 786 262 352 410
183 1 786 262 352 410
184 1 786 262 352 410
185 1 804 262 352 410
186 1 804 324 370 352
187 1 804 324 370 352
188 1 804 324 370 352
189 1 804 324 370 352
190 1 804 324 370 352
191 1 832 342 368 336
192 1 832 342 368 336
193 1 832 342 368 336
194 1 832 342 368 336
195 1 832 342 368 336
196 1 832 342 368 336
197 1 832 342 368 336
198 1 832 342 368 336
199 1 832 342 368 336
200 1 832 342 368 336
201 1 832 342 368 336
202 1 832 342 368 336
203 1 832 342 368 336
204 1 832 342 368 336
205 1 832 342 368 336
206 1 832 342 368 336
207 1 832 342 368 336
208 1 832 342 368 336
209 1 832 342 368 336
210 1 832 342 368 336
211 1 832 342 368 336
212 1 832 342 368 336
213 1 832 342 368 336
214 1 832 342 368 336
215 1 832 342 368 336
216 1 832 342 368 336
217 1 836 352 364 320
218 1 836 352 364 320
219 1 836 352 364 320
220 1 836 352 364 320
221 1 836 352 364 320
222 1 836 352 364 320
223 1 836 352 364 320
224 1 836 352 364 320
225 1 836 352 364 320
226 1 836 352 364 320
227 1 844 348 364 320
228 1 844 348 364 320
229 1 856 338 364 320
230 1 856 338 364 320
231 1 866 326 372 356
232 1 866 326 372 356
233 1 870 322 372 356
234 1 870 322 372 356
235 1 870 322 372 356
236 1 870 322 372 356
237 1 870 322 372 356
238 1 870 322 372 356
