0 0
1 0
2 0
3 0
4 0
5 0
6 0
7 0
8 0
9 0
10 0
11 0
12 0
13 0
14 0
15 0
16 0
17 0
18 0
19 0
20 1 1138 628 184 208
21 1 1064 600 184 208
22 1 1008 590 184 208
23 1 964 588 184 208
24 1 928 578 184 208
25 1 884 562 210 208
26 1 870 534 188 220
27 1 842 512 188 220
28 1 822 482 188 220
29 1 806 474 188 220
30 1 784 452 188 220
31 1 774 446 188 220
32 1 774 446 188 220
33 1 770 446 188 220
34 1 770 446 188 220
35 1 774 444 214 220
36 1 790 448 214 220
37 1 806 466 214 220
38 1 836 482 214 220
39 1 858 482 234 242
40 1 890 502 234 242
41 1 924 522 234 242
42 1 946 524 234 242
43 1 962 510 234 242
44 1 964 490 262 272
45 1 978 494 262 272
46 1 992 504 262 272
47 1 1000 502 262 272
48 1 1010 506 262 272
49 1 1008 502 262 272
50 1 1000 510 262 272
51 1 1000 510 262 272
52 1 1000 510 262 272
53 1 994 512 262 272
54 1 972 504 292 284
55 1 972 504 292 284
56 1 972 504 292 284
57 1 970 518 292 284
58 1 970 518 292 284
59 1 958 532 292 284
60 1 958 532 292 284
61 1 958 532 292 284
62 1 958 512 292 284
63 1 958 512 292 284
64 1 938 482 322 310
65 1 938 482 322 310
66 1 938 482 322 310
67 1 922 482 322 310
68 1 922 482 322 310
69 1 922 482 322 310
70 1 900 464 352 344
71 1 900 464 352 344
72 1 892 472 352 344
73 1 894 476 352 344
74 1 890 472 366 374
75 1 890 484 366 374
76 1 890 490 366 374
77 1 890 486 374 408
78 1 872 488 378 410
79 1 872 488 378 410
80 1 902 476 334 434
81 1 902 476 334 434
82 1 918 450 356 476
83 1 930 464 356 476
84 1 944 476 356 476
85 1 930 454 402 534
86 1 936 464 402 534
87 1 916 468 436 512
88 1 916 474 436 512
89 1 898 474 420 548
90 1 884 478 420 548
91 1 862 476 420 548
92 1 848 502 420 548
93 1 846 516 420 548
94 1 850 538 394 536
95 1 822 558 410 514
96 1 802 560 410 514
97 1 794 560 410 514
98 1 786 552 410 514
99 1 786 552 410 514
100 1 786 552 410 514
101 1 786 552 410 514
102 1 786 552 410 514
103 1 786 552 410 514
104 1 804 530 410 514
105 1 804 530 410 514
106 1 810 528 410 514
107 1 810 528 410 514
108 1 810 498 410 514
109 1 810 498 410 514
110 1 814 476 410 514
111 1 782 466 446 494
112 1 782 466 446 494
113 1 782 466 446 494
114 1 780 452 446 494
115 1 780 452 446 494
116 1 780 452 446 494
117 1 780 452 446 494
118 1 780 452 446 494
119 1 780 452 446 494
120 1 778 482 466 438
121 1 778 482 466 438
122 1 788 482 452 422
123 1 788 482 452 422
124 1 842 486 424 384
125 1 842 486 424 384
126 1 852 484 424 384
127 1 874 470 424 384
128 1 874 470 424 384
129 1 874 470 424 384
130 1 880 468 424 384
131 1 896 478 418 360
132 1 896 478 418 360
133 1 896 468 418 360
134 1 888 442 424 386
135 1 888 442 424 386
136 1 888 442 424 386
137 1 918 432 398 430
138 1 918 432 398 430
139 1 918 432 398 430
140 1 946 444 376 442
141 1 962 464 328 436
142 1 946 482 328 436
143 1 946 482 328 436
144 1 946 496 328 436
145 1 946 496 328 436
146 1 946 496 328 436
147 1 946 496 328 436
148 1 916 494 392 418
149 1 906 476 392 418
150 1 916 466 412 398
151 1 916 466 412 398
152 1 916 466 412 398
153 1 952 478 368 378
154 1 952 478 368 378
155 1 952 478 368 378
156 1 958 492 374 348
157 1 950 498 374 348
158 1 946 502 372 340
159 1 946 510 372 340
160 1 960 510 350 324
161 1 962 514 350 324
162 1 960 520 350 324
163 1 964 530 350 324
164 1 982 532 350 324
165 1 982 532 350 324
166 1 982 532 350 324
167 1 988 550 350 324
168 1 996 548 344 318
169 1 996 548 344 318
