0 0
1 0
2 0
3 0
4 0
5 0
6 0
7 0
8 0
9 0
10 0
11 0
12 0
13 0
14 0
15 0
16 0
17 0
18 0
19 0
20 0
21 0
22 0
23 0
24 0
25 0
26 0
27 0
28 0
29 0
30 0
31 0
32 0
33 0
34 0
35 0
36 0
37 0
38 0
39 0
40 0
41 0
42 0
43 0
44 0
45 0
46 0
47 0
48 0
49 0
50 0
51 0
52 0
53 0
54 0
55 0
56 0
57 0
58 0
59 0
60 0
61 0
62 0
63 0
64 0
65 0
66 0
67 1 894 602 184 172
68 1 898 598 184 172
69 1 916 590 184 172
70 1 918 562 190 222
71 1 918 562 190 222
72 1 932 576 190 222
73 1 948 578 226 244
74 1 960 602 226 244
75 1 978 610 226 244
76 1 988 594 282 258
77 1 990 562 282 258
78 1 990 552 282 258
79 1 988 536 282 258
80 1 988 536 282 258
81 1 998 500 308 300
82 1 998 500 308 300
83 1 1004 482 308 300
84 1 1004 482 308 300
85 1 1004 482 308 300
86 1 1004 482 308 300
87 1 1012 480 308 300
88 1 1010 500 308 300
89 1 1010 500 308 300
90 1 1026 510 308 300
91 1 1034 520 308 300
92 1 1034 520 308 300
93 1 1042 520 308 300
94 1 1042 520 308 300
95 1 1042 530 308 300
96 1 1042 530 308 300
97 1 1024 530 308 300
98 1 1012 514 308 300
99 1 998 512 308 300
100 1 984 502 308 300
101 1 960 496 308 300
102 1 946 482 308 300
103 1 928 454 340 336
104 1 908 442 340 336
105 1 888 430 340 336
106 1 886 410 340 336
107 1 888 402 340 336
108 1 890 390 340 336
109 1 900 390 340 336
110 1 906 392 340 336
111 1 914 396 340 336
112 1 906 376 376 384
113 1 922 380 376 384
114 1 934 396 376 384
115 1 950 402 376 384
116 1 950 402 376 384
117 1 946 422 428 392
118 1 956 440 428 392
119 1 968 472 428 392
120 1 970 496 428 392
121 1 970 514 428 392
122 1 932 512 496 442
123 1 914 544 496 442
124 1 904 542 496 442
125 1 896 524 496 442
126 1 896 524 496 442
127 1 894 486 516 492
128 1 894 486 516 492
129 1 894 486 516 492
130 1 862 474 516 492
131 1 862 474 516 492
132 1 832 456 516 492
133 1 866 430 482 532
134 1 866 430 482 532
135 1 866 430 482 532
136 1 864 420 482 532
137 1 864 420 482 532
138 1 856 410 482 532
139 1 844 408 502 502
140 1 844 408 502 502
141 1 838 418 502 502
142 1 830 424 502 502
143 1 822 436 502 502
144 1 808 456 502 502
145 1 802 472 502 502
146 1 802 484 502 502
147 1 800 506 502 502
148 1 796 518 502 502
149 1 806 524 502 502
150 1 806 524 502 502
151 1 814 514 502 502
152 1 818 490 502 502
153 1 850 478 502 502
154 1 924 478 442 504
155 1 944 456 442 504
156 1 976 458 442 504
157 1 946 424 496 540
158 1 960 424 496 540
159 1 960 424 496 540
160 1 960 424 496 540
161 1 968 422 496 540
162 1 976 426 496 540
163 1 976 426 496 540
164 1 976 426 496 540
165 1 970 416 496 540
166 1 958 416 496 540
167 1 926 388 474 526
168 1 926 388 474 526
169 1 898 346 474 526
170 1 886 306 488 494
171 1 884 274 488 494
172 1 880 226 488 494
173 1 876 200 488 494
174 1 872 148 488 494
175 1 892 142 488 494
176 1 892 142 488 494
177 1 892 142 488 494
178 1 892 142 488 494
179 1 892 142 488 494
