0 0
1 0
2 0
3 0
4 0
5 0
6 0
7 0
8 0
9 0
10 0
11 0
12 0
13 0
14 0
15 0
16 0
17 0
18 0
19 0
20 0
21 0
22 0
23 0
24 0
25 0
26 0
27 0
28 0
29 0
30 0
31 0
32 0
33 0
34 0
35 0
36 0
37 0
38 0
39 0
40 0
41 0
42 0
43 0
44 0
45 0
46 0
47 0
48 0
49 0
50 0
51 0
52 0
53 0
54 0
55 1 864 462 180 142
56 1 874 468 180 142
57 1 874 468 180 142
58 1 874 474 180 142
59 1 876 488 180 142
60 1 868 496 196 156
61 1 876 512 196 156
62 1 876 522 196 156
63 1 866 532 196 156
64 1 866 532 196 156
65 1 866 532 196 156
66 1 866 532 196 156
67 1 866 532 196 156
68 1 866 532 196 156
69 1 866 532 196 156
70 1 872 540 196 174
71 1 870 550 196 174
72 1 872 564 196 174
73 1 872 564 196 174
74 1 872 564 196 174
75 1 866 554 196 174
76 1 866 554 196 174
77 1 870 566 196 174
78 1 856 544 216 214
79 1 856 544 216 214
80 1 856 544 216 214
81 1 856 544 216 214
82 1 850 566 216 214
83 1 850 566 216 214
84 1 850 566 216 214
85 1 850 566 216 214
86 1 848 528 216 214
87 1 862 520 216 214
88 1 884 516 216 214
89 1 900 516 216 214
90 1 918 514 216 214
91 1 932 516 216 214
92 1 910 518 266 218
93 1 910 518 266 218
94 1 928 518 266 218
95 1 942 524 266 218
96 1 942 524 266 218
97 1 956 518 266 218
98 1 956 518 266 218
99 1 976 514 266 218
100 1 976 514 266 218
101 1 976 514 266 218
102 1 978 518 266 218
103 1 978 518 266 218
104 1 990 518 266 218
105 1 990 518 266 218
106 1 990 518 266 218
107 1 990 518 266 218
108 1 990 518 266 218
109 1 962 516 304 238
110 1 962 516 304 238
111 1 962 516 304 238
112 1 962 516 304 238
113 1 962 516 304 238
114 1 960 496 304 238
115 1 960 496 304 238
116 1 962 482 304 238
117 1 962 482 304 238
118 1 962 474 304 238
119 1 970 462 304 238
120 1 970 462 304 238
121 1 996 452 304 238
122 1 1000 422 326 270
123 1 1000 422 326 270
124 1 1000 422 326 270
125 1 1000 422 326 270
126 1 1000 422 326 270
127 1 1000 422 326 270
128 1 992 408 338 312
129 1 992 408 338 312
130 1 992 418 338 312
131 1 998 430 338 312
132 1 998 430 338 312
133 1 954 412 400 376
134 1 954 412 400 376
135 1 954 412 400 376
136 1 954 412 400 376
137 1 958 424 400 376
138 1 958 424 400 376
139 1 954 444 400 376
140 1 938 430 436 450
141 1 936 454 436 450
142 1 916 458 436 450
143 1 882 452 486 506
144 1 870 466 486 506
145 1 858 472 486 506
146 1 840 486 486 506
147 1 832 484 486 506
148 1 818 486 486 506
149 1 782 462 548 528
150 1 782 462 548 528
151 1 782 462 548 528
152 1 764 472 548 528
153 1 764 472 548 528
154 1 764 472 548 528
155 1 764 472 548 528
156 1 772 448 548 528
157 1 772 448 548 528
158 1 806 416 548 528
159 1 806 416 548 528
160 1 834 386 502 502
161 1 834 386 502 502
162 1 834 386 502 502
163 1 834 386 502 502
164 1 834 386 502 502
165 1 834 386 502 502
166 1 834 386 502 502
167 1 834 386 502 502
168 1 840 410 502 502
169 1 840 410 502 502
170 1 840 410 502 502
171 1 864 428 502 502
172 1 864 428 502 502
173 1 864 428 502 502
174 1 864 428 502 502
175 1 864 428 502 502
176 1 864 428 502 502
177 1 864 428 502 502
178 1 874 458 502 502
179 1 856 468 502 502
180 1 844 494 502 502
181 1 844 494 502 502
182 1 844 494 502 502
183 1 844 494 502 502
184 1 842 582 498 432
185 1 842 582 498 432
186 1 852 588 498 432
187 1 852 588 498 432
188 1 852 588 498 432
189 1 866 560 498 432
190 1 866 502 498 432
191 1 866 502 498 432
192 1 866 502 498 432
193 1 852 488 498 432
194 1 852 458 498 432
195 1 854 442 498 432
196 1 862 416 498 432
197 1 862 416 498 432
198 1 866 370 498 432
199 1 966 350 360 380
200 1 966 350 360 380
201 1 970 334 360 380
202 1 978 338 364 334
203 1 998 340 364 334
204 1 1004 338 312 328
205 1 1004 338 312 328
