0 0
1 0
2 0
3 0
4 0
5 0
6 0
7 0
8 0
9 0
10 0
11 0
12 0
13 0
14 0
15 0
16 0
17 0
18 0
19 0
20 0
21 0
22 0
23 0
24 0
25 0
26 0
27 0
28 0
29 0
30 0
31 0
32 0
33 0
34 0
35 0
36 0
37 0
38 0
39 0
40 0
41 0
42 0
43 0
44 0
45 0
46 0
47 0
48 0
49 0
50 0
51 0
52 0
53 0
54 0
55 0
56 0
57 0
58 0
59 0
60 0
61 0
62 0
63 0
64 0
65 0
66 0
67 0
68 0
69 0
70 0
71 0
72 0
73 0
74 0
75 0
76 0
77 0
78 0
79 0
80 0
81 1 916 554 210 152
82 1 924 558 210 152
83 1 928 564 210 152
84 1 928 564 210 152
85 1 928 564 210 152
86 1 928 564 210 152
87 1 920 560 210 152
88 1 912 562 210 152
89 1 902 566 210 152
90 1 886 570 240 166
91 1 886 570 240 166
92 1 880 560 216 160
93 1 876 562 216 160
94 1 860 568 216 160
95 1 860 580 216 160
96 1 852 594 216 160
97 1 844 600 216 160
98 1 838 602 216 160
99 1 836 608 216 160
100 1 834 612 216 160
101 1 824 608 238 200
102 1 824 608 238 200
103 1 824 626 238 200
104 1 834 630 238 200
105 1 838 630 238 200
106 1 840 644 238 200
107 1 834 652 238 200
108 1 834 664 238 200
109 1 842 680 238 200
110 1 840 682 262 232
111 1 840 682 262 232
112 1 856 682 262 232
113 1 856 682 262 232
114 1 866 678 262 232
115 1 866 678 262 232
116 1 878 678 262 232
117 1 878 678 262 232
118 1 878 678 262 232
119 1 872 664 290 264
120 1 872 664 290 264
121 1 886 670 290 264
122 1 886 670 290 264
123 1 896 674 290 264
124 1 896 674 290 264
125 1 896 674 290 264
126 1 896 674 290 264
127 1 896 674 290 264
128 1 896 674 290 264
129 1 892 646 290 264
130 1 892 646 290 264
131 1 892 632 290 264
132 1 882 624 290 264
133 1 880 610 288 264
134 1 870 590 288 264
135 1 872 576 288 264
136 1 872 552 288 264
137 1 874 520 298 286
138 1 886 504 298 286
139 1 890 478 298 286
140 1 890 464 298 286
141 1 892 448 298 286
142 1 892 448 298 286
143 1 892 448 298 286
144 1 888 446 328 300
145 1 894 454 328 300
146 1 894 464 328 300
147 1 894 468 328 300
148 1 890 470 328 300
149 1 870 468 374 324
150 1 868 472 374 324
151 1 886 470 342 336
152 1 886 470 342 336
153 1 896 484 350 332
154 1 888 474 344 330
155 1 888 474 344 330
156 1 888 474 344 330
157 1 890 484 344 330
158 1 912 496 344 330
159 1 912 496 344 330
160 1 912 486 344 330
161 1 912 486 344 330
162 1 896 482 344 330
163 1 896 482 344 330
164 1 894 482 344 330
165 1 894 482 344 330
166 1 894 482 344 330
167 1 892 462 344 330
168 1 892 462 344 330
169 1 892 462 344 330
170 1 918 458 344 330
171 1 926 448 318 350
172 1 948 442 318 350
173 1 948 404 304 404
174 1 948 404 304 404
175 1 956 406 304 404
176 1 966 412 304 404
177 1 964 412 304 404
178 1 964 412 304 404
179 1 964 412 304 404
180 1 964 412 304 404
181 1 964 412 304 404
182 1 964 412 304 404
183 1 964 412 304 404
184 1 960 422 314 394
185 1 960 422 314 394
186 1 960 422 314 394
187 1 942 446 348 372
188 1 930 452 348 372
189 1 930 452 348 372
190 1 926 446 348 372
191 1 926 446 348 372
192 1 926 446 348 372
193 1 926 446 348 372
194 1 926 446 348 372
195 1 926 446 348 372
196 1 926 446 348 372
197 1 928 432 348 372
198 1 928 432 348 372
199 1 940 442 348 372
200 1 940 442 348 372
201 1 940 442 348 372
202 1 940 442 348 372
203 1 940 442 348 372
204 1 936 446 348 372
205 1 936 446 348 372
206 1 936 446 348 372
207 1 932 436 348 372
208 1 934 428 374 360
209 1 934 428 374 360
210 1 934 428 374 360
211 1 934 428 374 360
212 1 934 428 374 360
213 1 934 428 374 360
214 1 934 428 374 360
215 1 934 428 374 360
216 1 934 428 374 360
217 1 934 428 374 360
218 1 934 428 374 360
219 1 934 428 374 360
220 1 934 428 374 360
221 1 934 428 374 360
222 1 934 428 374 360
223 1 934 428 374 360
224 1 934 388 374 360
225 1 934 388 374 360
226 1 934 388 374 360
227 1 934 388 374 360
228 1 928 376 374 360
229 1 928 376 374 360
230 1 914 350 368 344
231 1 914 350 368 344
232 1 886 344 368 344
233 1 886 344 368 344
234 1 878 342 368 344
235 1 876 370 320 306
236 1 866 370 320 306
237 1 862 384 320 306
238 1 862 384 320 306
239 1 856 400 320 306
240 1 856 400 320 306
241 1 864 432 332 282
242 1 890 468 306 266
243 1 890 468 306 266
244 1 902 480 306 266
245 1 922 494 306 266
246 1 922 494 306 266
247 1 936 504 306 266
248 1 936 504 306 266
249 1 946 526 306 266
250 1 946 526 306 266
251 1 950 544 306 266
252 1 950 544 306 266
253 1 954 570 306 266
254 1 954 570 306 266
255 1 958 598 306 266
256 1 958 598 306 266
257 1 994 610 306 244
258 1 994 612 306 244
259 1 1014 632 254 208
260 1 1014 640 254 208
261 1 1004 612 296 258
262 1 1010 624 296 258
263 1 1022 646 290 230
264 1 1022 646 290 230
265 1 1022 646 290 230
266 1 1022 646 290 230
267 1 1022 646 290 230
268 1 1022 646 290 230
269 1 1022 646 290 230
270 1 1022 646 290 230
271 1 1022 646 290 230
272 1 1022 646 290 230
273 1 1022 646 290 230
274 1 1022 646 290 230
275 1 1022 646 290 230
276 1 1022 646 290 230
277 1 1022 646 290 230
278 1 1010 636 278 230
279 1 1010 636 278 230
280 1 1010 636 278 230
281 1 984 632 278 230
282 1 984 632 278 230
283 1 984 632 278 230
284 1 964 632 278 230
285 1 964 632 278 230
286 1 928 632 278 230
287 1 906 624 278 230
288 1 868 612 278 230
289 1 868 612 278 230
290 1 830 608 278 230
291 1 806 598 278 230
292 1 778 588 278 230
293 1 746 582 278 230
294 1 722 572 278 230
295 1 690 568 278 230
296 1 690 568 278 230
297 1 656 560 278 230
298 1 656 560 278 230
299 1 630 548 278 230
300 1 630 548 278 230
301 1 610 544 278 230
302 1 610 544 278 230
303 1 560 530 278 230
304 1 542 530 278 230
305 1 498 534 278 230
306 1 454 544 278 230
307 1 414 558 278 230
308 0
309 0
310 0
311 0
312 0
313 0
