0 0
1 0
2 0
3 0
4 0
5 0
6 0
7 0
8 0
9 0
10 0
11 0
12 0
13 0
14 0
15 0
16 0
17 0
18 0
19 0
20 0
21 0
22 0
23 0
24 0
25 0
26 0
27 0
28 0
29 0
30 0
31 0
32 0
33 0
34 0
35 0
36 0
37 0
38 0
39 0
40 0
41 0
42 0
43 0
44 0
45 0
46 0
47 0
48 0
49 0
50 0
51 0
52 0
53 0
54 0
55 0
56 0
57 0
58 0
59 0
60 0
61 0
62 0
63 0
64 0
65 0
66 0
67 0
68 0
69 0
70 0
71 0
72 0
73 0
74 0
75 0
76 0
77 0
78 0
79 0
80 0
81 0
82 0
83 1 1032 472 98 128
84 1 1008 468 98 128
85 1 982 462 98 128
86 1 962 454 98 128
87 1 934 442 98 128
88 1 898 426 98 128
89 1 852 418 98 128
90 1 810 410 98 128
91 1 774 400 98 128
92 1 728 392 98 128
93 1 696 366 118 164
94 1 668 352 118 164
95 1 654 348 118 164
96 1 638 336 118 164
97 1 648 326 118 164
98 1 672 314 118 164
99 1 720 298 118 164
100 0
101 0
102 0
103 1 970 294 104 164
104 1 976 294 104 164
105 1 962 284 104 164
106 1 938 290 104 164
107 1 896 298 124 160
108 1 856 302 124 160
109 1 830 304 124 160
110 1 818 302 124 160
111 1 830 294 124 160
112 1 866 280 124 160
113 1 912 282 124 160
114 1 944 284 124 160
115 1 934 298 124 160
116 1 900 304 124 160
117 1 856 306 124 160
118 1 826 294 124 160
119 1 826 294 124 160
120 1 810 286 130 180
121 1 810 298 130 180
122 1 814 314 130 180
123 1 814 324 130 180
124 1 824 344 130 180
125 1 820 362 130 180
126 1 828 370 128 220
127 1 836 406 128 220
128 1 842 422 128 220
129 1 866 438 128 220
130 1 862 450 156 224
131 1 872 464 156 224
132 1 890 468 156 224
133 1 906 478 156 224
134 1 922 492 156 224
135 1 926 512 156 224
136 1 962 504 150 206
137 1 966 510 150 206
138 1 966 510 150 206
139 1 982 510 150 206
140 1 978 468 174 234
141 1 978 468 174 234
142 1 978 468 174 234
143 1 978 468 174 234
144 1 978 468 174 234
145 1 966 466 174 234
146 1 960 446 174 234
147 1 952 436 174 234
148 1 944 414 176 220
149 1 940 416 176 220
150 1 940 416 176 220
151 1 914 412 176 220
152 1 910 382 168 236
153 1 878 380 168 236
154 1 858 386 168 236
155 1 822 386 206 228
156 1 762 370 260 262
157 1 740 386 260 262
158 1 686 388 290 300
159 1 648 348 312 376
160 1 614 326 350 418
161 1 590 300 374 450
162 1 596 290 374 450
163 1 634 262 326 482
164 1 660 240 326 482
165 1 686 222 326 482
166 1 710 210 326 482
167 1 730 188 326 482
168 1 730 188 326 482
169 1 730 188 326 482
170 1 700 186 326 482
171 1 674 188 326 482
172 1 674 146 326 482
173 1 674 146 326 482
174 1 690 166 310 438
175 1 696 198 310 438
176 1 712 206 292 406
177 1 712 206 292 406
178 1 712 206 292 406
179 1 710 190 292 406
180 1 710 190 292 406
181 1 710 190 292 406
182 1 760 146 274 428
183 1 778 134 274 428
184 1 786 132 274 428
185 1 816 102 264 456
186 1 800 92 310 476
187 1 808 100 324 462
188 1 798 102 324 462
189 1 792 106 324 462
190 1 816 148 308 382
191 1 860 182 272 356
192 1 892 220 250 302
193 1 930 242 214 264
194 1 936 262 214 264
195 1 964 280 192 248
196 1 962 294 192 248
197 1 980 324 184 232
198 1 1004 330 184 232
199 1 1032 340 178 222
200 1 1050 362 178 222
201 1 1056 380 178 222
202 1 1084 392 158 236
203 1 1086 408 176 222
204 1 1096 414 176 222
205 1 1096 422 176 222
206 1 1096 422 176 222
207 1 1098 434 176 222
208 1 1098 434 176 222
209 1 1104 452 176 222
210 1 1104 452 176 222
211 1 1104 452 176 222
212 1 1104 452 176 222
213 1 1112 470 176 222
214 1 1112 470 176 222
215 1 1114 472 176 222
216 1 1114 472 176 222
217 1 1114 472 176 222
218 1 1114 472 176 222
219 1 1114 472 176 222
220 1 1118 490 172 212
221 1 1120 486 176 182
222 1 1114 494 176 182
223 1 1114 494 176 182
224 1 1114 494 176 182
225 1 1114 494 176 182
226 1 1114 494 176 182
227 1 1118 494 176 182
228 1 1118 494 176 182
229 1 1118 494 176 182
230 1 1118 494 176 182
231 1 1118 494 176 182
232 1 1118 494 176 182
233 1 1118 494 176 182
234 1 1120 488 176 182
235 1 1120 488 176 182
236 1 1120 488 176 182
237 1 1118 504 176 182
238 1 1118 504 176 182
239 1 1110 518 176 182
240 1 1086 514 176 182
241 1 1086 514 176 182
242 1 1078 510 176 182
243 1 1064 510 176 182
244 1 1064 510 176 182
245 1 1040 508 176 182
246 1 1040 508 176 182
247 1 1012 498 176 182
248 1 1012 498 176 182
249 1 1004 494 176 182
250 1 1008 490 176 182
251 1 994 476 176 182
252 1 984 470 176 182
253 1 962 462 176 182
254 1 960 454 176 182
255 1 950 432 176 182
256 1 940 426 176 182
257 1 940 426 176 182
258 1 914 412 176 182
259 1 892 408 176 182
260 1 874 402 176 182
261 1 854 390 176 182
262 1 834 374 176 182
263 1 834 374 176 182
264 1 802 368 176 182
265 1 772 360 176 182
266 1 762 346 146 192
267 1 734 332 146 192
