0 0
1 0
2 0
3 0
4 0
5 0
6 0
7 0
8 0
9 0
10 0
11 0
12 0
13 0
14 0
15 0
16 0
17 0
18 0
19 0
20 0
21 0
22 0
23 0
24 0
25 0
26 0
27 0
28 0
29 0
30 0
31 0
32 0
33 0
34 0
35 0
36 0
37 0
38 0
39 0
40 0
41 0
42 0
43 0
44 0
45 0
46 0
47 0
48 0
49 0
50 0
51 0
52 0
53 0
54 0
55 0
56 0
57 0
58 0
59 0
60 0
61 0
62 0
63 0
64 0
65 0
66 0
67 0
68 0
69 0
70 0
71 0
72 0
73 0
74 0
75 0
76 0
77 0
78 0
79 0
80 0
81 0
82 0
83 0
84 0
85 0
86 0
87 0
88 0
89 0
90 0
91 0
92 0
93 0
94 0
95 0
96 0
97 0
98 0
99 0
100 0
101 0
102 0
103 0
104 0
105 0
106 0
107 0
108 0
109 0
110 0
111 0
112 0
113 0
114 0
115 0
116 0
117 0
118 0
119 0
120 0
121 0
122 0
123 0
124 0
125 0
126 0
127 0
128 0
129 0
130 0
131 0
132 0
133 0
134 0
135 0
136 0
137 0
138 0
139 0
140 0
141 0
142 0
143 0
144 0
145 0
146 0
147 0
148 0
149 0
150 0
151 0
152 0
153 0
154 0
155 0
156 0
157 0
158 0
159 0
160 0
161 0
162 0
163 0
164 0
165 0
166 0
167 0
168 0
169 0
170 0
171 0
172 0
173 0
174 0
175 0
176 0
177 0
178 0
179 0
180 0
181 0
182 0
183 0
184 0
185 0
186 0
187 0
188 0
189 0
190 0
191 0
192 0
193 0
194 0
195 0
196 0
197 0
198 0
199 0
200 0
201 0
202 0
203 0
204 0
205 0
206 0
207 0
208 0
209 0
210 0
211 0
212 0
213 0
214 0
215 0
216 0
217 0
218 0
219 0
220 0
221 0
222 0
223 0
224 0
225 0
226 0
227 0
228 0
229 0
230 0
231 0
232 0
233 0
234 0
235 0
236 0
237 0
238 0
239 0
240 0
241 0
242 0
243 0
244 0
245 0
246 0
247 0
248 0
249 0
250 0
251 0
252 0
253 0
254 0
255 0
256 0
257 0
258 0
259 0
260 0
261 0
262 0
263 0
264 0
265 0
266 0
267 0
268 0
269 0
270 0
271 0
272 0
273 0
274 0
275 0
276 0
277 0
278 0
279 0
280 0
281 0
282 0
283 0
284 0
285 0
286 0
287 0
288 0
289 0
290 0
291 0
292 0
293 0
294 0
295 0
296 0
297 0
298 0
299 0
300 0
301 0
302 0
303 0
304 0
305 0
306 0
307 0
308 0
309 0
310 0
311 0
312 0
313 0
314 0
315 0
316 0
317 0
318 0
319 0
320 0
321 0
322 0
323 0
324 0
325 0
326 0
327 0
328 0
329 0
330 0
331 0
332 0
333 0
334 0
335 0
336 0
337 0
338 0
339 0
340 0
341 0
342 0
343 0
344 0
345 0
346 0
347 0
348 0
349 1 42 874 182 174
350 1 106 838 182 174
351 1 186 796 170 182
352 1 250 758 170 182
353 1 326 730 150 194
354 1 368 710 150 194
355 1 412 698 150 194
356 1 454 682 150 194
357 1 504 666 136 180
358 1 536 660 136 180
359 1 568 656 136 180
360 1 594 652 134 176
361 1 612 646 134 176
362 1 632 652 134 176
363 1 648 650 134 176
364 1 676 658 134 176
365 1 696 666 134 176
366 1 716 678 134 176
367 1 730 686 134 176
368 1 754 702 124 184
369 1 774 716 124 184
370 1 796 726 124 184
371 1 808 734 124 184
372 1 816 742 128 200
373 1 830 744 128 200
374 1 844 740 128 200
375 1 840 732 128 200
376 1 854 712 128 200
377 1 854 712 128 200
378 1 860 706 128 200
379 1 866 700 128 200
380 1 878 690 128 200
381 1 880 684 128 200
382 1 880 666 150 214
383 1 880 656 150 214
384 1 880 644 150 214
385 1 880 644 150 214
386 1 904 636 142 206
387 1 904 636 142 206
388 1 912 636 142 206
389 1 914 634 142 206
390 1 908 628 142 206
391 1 908 628 142 206
392 1 912 614 146 228
393 1 912 614 146 228
394 1 912 614 146 228
395 1 912 596 146 228
396 1 916 572 136 240
397 1 922 564 136 240
398 1 924 554 136 240
399 1 922 536 136 240
400 1 928 528 136 240
401 1 928 528 136 240
402 1 936 518 136 240
403 1 928 506 160 262
404 1 924 526 160 262
405 1 920 536 160 262
406 1 912 532 190 282
407 1 912 532 190 282
408 1 912 532 190 282
409 1 912 544 190 282
410 1 916 532 192 312
411 1 904 536 212 322
412 1 876 532 260 326
413 1 866 542 260 326
414 1 836 554 300 324
415 1 836 554 300 324
416 1 828 546 300 324
417 1 828 546 300 324
418 1 828 546 300 324
419 1 826 558 300 324
420 1 852 558 272 334
421 1 852 558 272 334
422 1 858 560 272 334
423 1 858 560 272 334
424 1 858 560 272 334
425 1 858 560 272 334
426 1 858 560 272 334
427 1 858 560 272 334
428 1 858 560 272 334
429 1 858 552 272 334
430 1 858 552 272 334
431 1 858 552 272 334
432 1 858 552 272 334
433 1 858 552 272 334
434 1 858 552 272 334
435 1 858 552 272 334
436 1 858 552 272 334
437 1 850 540 310 346
438 1 850 540 310 346
439 1 850 540 310 346
440 1 850 540 310 346
441 1 858 548 308 318
442 1 858 548 308 318
443 1 858 548 308 318
444 1 858 548 308 318
445 1 846 534 308 318
446 1 846 534 308 318
447 1 846 534 308 318
448 1 852 530 286 310
449 1 868 534 256 310
450 1 868 534 256 310
451 1 868 534 256 310
452 1 868 534 256 310
453 1 886 522 214 302
454 1 886 522 214 302
455 1 898 522 206 290
456 1 898 522 206 290
457 1 916 536 162 270
458 1 916 536 162 270
459 1 926 546 156 262
460 1 926 546 156 262
461 1 940 554 146 242
462 1 940 554 146 242
463 1 940 554 146 242
464 1 954 576 142 232
465 1 950 592 142 232
466 1 950 592 142 232
467 1 952 602 142 232
468 1 952 602 142 232
469 1 944 616 142 232
470 1 960 632 126 222
471 1 960 632 126 222
472 1 960 632 126 222
473 1 960 632 126 222
474 1 960 632 126 222
475 1 960 632 126 222
476 1 960 632 126 222
477 1 960 632 126 222
478 1 960 632 126 222
479 1 960 632 126 222
480 1 960 632 126 222
481 1 960 632 126 222
482 1 960 632 126 222
483 1 956 634 126 222
484 1 956 634 126 222
485 1 954 634 126 222
486 1 954 634 126 222
487 1 954 634 126 222
488 1 944 634 126 222
489 1 938 630 126 222
490 1 938 630 126 222
491 1 938 630 126 222
492 1 920 638 158 214
493 1 920 638 158 214
494 1 920 638 158 214
495 1 908 642 158 214
496 1 908 642 158 214
497 1 888 638 158 214
498 1 876 638 158 214
499 1 876 638 158 214
500 1 868 638 158 214
