0 0
1 0
2 0
3 0
4 0
5 0
6 0
7 0
8 0
9 0
10 0
11 0
12 0
13 0
14 0
15 0
16 0
17 0
18 0
19 0
20 0
21 0
22 0
23 0
24 1 854 446 98 158
25 1 828 452 98 158
26 1 812 452 98 158
27 1 800 458 98 158
28 1 792 460 98 158
29 1 782 466 98 158
30 1 766 472 98 158
31 1 766 490 98 158
32 1 770 510 98 158
33 1 784 528 98 158
34 1 796 540 98 158
35 1 818 550 98 158
36 1 830 554 98 158
37 1 860 554 98 158
38 1 880 552 98 158
39 1 896 560 98 158
40 1 918 568 98 158
41 1 936 576 100 184
42 1 960 586 100 184
43 1 984 594 100 184
44 1 990 600 120 192
45 1 1006 592 120 192
46 1 1020 582 120 192
47 1 1036 576 120 192
48 1 1050 576 120 192
49 1 1060 566 142 200
50 1 1056 558 142 200
51 1 1056 558 142 200
52 1 1056 558 142 200
53 1 1048 552 142 200
54 1 1048 552 142 200
55 1 1048 552 142 200
56 1 1056 550 144 204
57 1 1056 550 144 204
58 1 1056 550 144 204
59 1 1056 558 144 204
60 1 1068 566 144 204
61 1 1068 572 144 204
62 1 1068 572 144 204
63 1 1072 586 144 204
64 1 1074 598 144 204
65 1 1074 598 144 204
66 1 1066 604 144 204
67 1 1064 612 144 204
68 1 1064 612 144 204
69 1 1064 612 144 204
70 1 1080 576 136 240
71 1 1080 576 136 240
72 1 1084 546 164 238
73 1 1088 532 164 238
74 1 1100 500 196 270
75 1 1110 488 196 270
76 1 1120 472 196 270
77 1 1112 448 228 302
78 1 1112 448 228 302
79 1 1098 420 284 324
80 1 1112 420 284 324
81 1 1112 420 284 324
82 1 1126 386 290 372
83 1 1134 400 290 372
84 1 1134 410 290 372
85 1 1114 402 314 406
86 1 1108 416 314 406
87 1 1100 418 314 406
88 1 1098 426 314 406
89 1 1086 410 314 442
90 1 1086 410 314 442
91 1 1074 420 314 442
92 1 1076 418 310 458
93 1 1076 418 310 458
94 1 1076 398 318 504
95 1 1076 406 318 504
96 1 1080 416 318 504
97 1 1102 404 314 510
98 1 1108 376 350 542
99 1 1132 376 350 542
100 1 1150 368 350 542
101 1 1148 370 396 538
102 1 1176 364 396 538
103 1 1172 338 404 588
104 1 1172 338 404 588
105 1 1170 344 404 588
106 1 1162 336 404 588
107 1 1156 334 404 588
108 1 1142 330 404 588
109 1 1128 320 404 588
110 1 1108 320 404 588
111 1 1056 324 416 582
112 1 1040 322 416 582
113 1 1012 322 416 582
114 1 976 326 416 582
115 1 928 324 416 582
116 1 916 338 362 530
117 1 892 340 362 530
118 1 842 336 362 530
119 1 844 356 344 500
120 1 830 362 298 492
121 1 804 368 298 492
122 1 792 380 298 492
123 1 784 392 298 492
124 1 784 392 298 492
125 1 784 392 298 492
126 1 784 392 298 492
127 1 784 392 298 492
128 1 782 428 282 348
129 1 782 428 282 348
130 1 782 428 282 348
131 1 782 428 282 348
132 1 800 454 282 348
133 1 800 462 268 342
134 1 794 472 268 342
135 1 794 472 268 342
136 1 798 478 268 342
137 1 804 478 268 342
138 1 816 470 264 336
139 1 828 470 264 336
140 1 828 470 264 336
141 1 842 478 264 336
142 1 842 478 264 336
143 1 844 494 264 336
144 1 844 494 264 336
145 1 872 506 264 336
146 1 872 506 264 336
147 1 872 506 264 336
148 1 872 506 264 336
149 1 896 526 244 264
150 1 896 526 244 264
151 1 896 526 244 264
152 1 914 514 244 264
153 1 914 514 244 264
154 1 940 494 244 264
155 1 962 478 244 264
156 1 980 464 244 264
157 1 1004 450 244 264
158 1 1022 460 232 240
159 1 1050 446 232 240
160 1 1080 432 232 240
161 1 1110 422 232 240
162 1 1126 400 238 234
163 1 1132 398 238 234
164 1 1142 380 238 234
165 1 1142 380 238 234
166 1 1134 368 238 234
167 1 1134 368 238 234
168 1 1134 368 238 234
169 1 1134 368 238 234
170 1 1140 394 194 210
171 1 1140 394 194 210
172 1 1130 414 194 210
173 1 1130 414 194 210
174 1 1128 428 194 210
175 1 1128 428 194 210
176 1 1128 428 194 210
177 1 1128 428 194 210
178 1 1128 428 194 210
179 1 1128 454 194 210
180 1 1128 454 194 210
181 1 1128 454 194 210
182 1 1128 454 194 210
183 1 1128 454 194 210
184 1 1128 454 194 210
185 1 1132 468 194 210
186 1 1132 468 194 210
