0 0
1 0
2 0
3 0
4 0
5 0
6 0
7 0
8 0
9 0
10 0
11 0
12 0
13 0
14 0
15 0
16 0
17 0
18 0
19 0
20 0
21 0
22 0
23 0
24 0
25 0
26 0
27 0
28 0
29 0
30 0
31 0
32 0
33 0
34 0
35 0
36 0
37 0
38 0
39 0
40 0
41 0
42 0
43 0
44 0
45 0
46 0
47 0
48 0
49 0
50 0
51 0
52 0
53 0
54 0
55 0
56 0
57 0
58 0
59 0
60 0
61 0
62 0
63 0
64 0
65 0
66 0
67 0
68 0
69 0
70 0
71 0
72 0
73 0
74 1 124 256 94 108
75 1 164 260 94 108
76 1 206 276 94 108
77 1 246 288 94 108
78 1 298 286 94 108
79 1 340 290 94 108
80 1 382 292 94 108
81 1 430 302 94 108
82 1 484 310 94 108
83 1 548 310 94 108
84 1 616 306 94 108
85 1 676 304 94 108
86 1 722 302 94 108
87 1 762 306 94 108
88 1 788 316 94 108
89 1 800 320 94 108
90 1 800 320 94 108
91 1 764 316 94 108
92 1 702 294 88 128
93 1 626 280 106 144
94 1 556 272 106 144
95 1 518 264 106 144
96 1 494 262 106 144
97 1 506 268 106 144
98 1 558 282 106 144
99 1 642 292 106 144
100 0
101 0
102 0
103 1 878 328 106 150
104 1 910 346 106 150
105 1 936 362 106 150
106 1 954 372 106 150
107 1 956 380 106 150
108 1 956 380 106 150
109 1 964 388 106 150
110 1 964 400 106 150
111 1 968 410 106 150
112 1 974 414 106 150
113 1 974 414 106 150
114 1 976 418 106 150
115 1 988 426 106 150
116 1 984 416 114 182
117 1 996 420 114 182
118 1 1006 432 114 182
119 1 1022 440 114 182
120 1 1040 446 114 182
121 1 1054 452 114 182
122 1 1062 468 114 182
123 1 1072 478 128 206
124 1 1092 496 128 206
125 1 1100 506 148 156
126 1 1112 516 148 156
127 1 1120 528 148 156
128 1 1124 542 142 140
129 1 1124 558 142 140
130 1 1134 564 124 128
131 1 1132 574 124 128
132 1 1132 574 124 128
133 1 1116 574 124 128
134 1 1088 566 142 162
135 1 1058 544 172 178
136 1 1044 536 172 178
137 1 1036 536 172 178
138 1 1024 540 172 178
139 1 1008 532 196 200
140 1 1000 566 196 200
141 1 994 594 196 200
142 1 986 638 196 200
143 1 970 664 196 200
144 1 944 666 244 216
145 1 910 688 230 204
146 1 884 696 224 194
147 1 874 734 224 194
148 1 864 772 206 210
149 1 846 798 206 210
150 1 814 802 240 232
151 1 798 802 240 232
152 1 784 796 240 232
153 1 772 780 230 232
154 1 750 760 230 232
155 1 736 754 230 232
156 1 728 754 230 232
157 1 728 754 230 232
158 1 732 740 230 232
159 0
160 0
161 1 576 576 360 350
162 1 572 552 360 350
163 1 568 532 328 362
164 1 578 534 328 362
165 1 596 544 288 346
166 1 596 544 288 346
167 1 596 544 288 346
168 1 596 526 288 346
169 1 594 508 288 346
170 1 594 500 288 346
171 1 594 490 288 346
172 1 594 490 288 346
173 1 594 490 288 346
174 1 594 490 288 346
175 1 594 496 288 346
176 1 598 506 288 346
177 1 602 514 288 346
178 1 634 526 288 346
179 1 648 550 314 352
180 1 666 580 314 352
181 1 684 588 314 352
182 1 708 598 328 340
183 1 726 626 328 340
184 1 776 634 284 360
185 1 786 638 284 360
186 1 804 648 232 362
187 1 804 648 232 362
188 1 804 658 232 362
189 1 814 662 232 362
190 1 822 668 232 362
191 1 822 686 232 362
192 1 798 700 252 362
193 1 790 706 252 362
194 1 784 710 252 362
195 1 784 710 252 362
196 1 784 710 252 362
197 1 784 710 252 362
198 1 784 710 252 362
199 1 782 698 252 362
200 1 786 692 252 362
201 1 770 680 252 362
202 1 750 652 252 362
203 1 726 616 242 352
204 1 710 588 228 306
205 1 698 546 228 306
206 1 678 528 214 276
207 1 662 524 214 276
208 1 660 544 192 270
209 1 654 560 192 270
210 1 640 584 186 254
211 1 630 590 186 254
212 1 630 590 186 254
213 1 630 590 186 254
214 1 604 584 192 240
215 1 600 578 192 240
216 1 600 568 192 240
217 1 600 570 178 214
218 1 600 570 178 214
219 1 600 570 178 214
220 1 600 570 178 214
221 1 600 570 178 214
222 1 618 556 162 214
223 1 618 556 162 214
224 1 618 556 162 214
225 1 618 556 162 214
226 1 650 558 162 214
227 1 678 548 162 214
228 1 710 552 162 214
229 1 748 566 148 202
230 1 748 566 148 202
231 1 744 570 148 202
232 1 734 570 148 202
233 1 722 574 148 202
234 1 706 586 148 202
235 1 698 590 150 202
236 1 688 594 136 206
237 1 688 594 136 206
238 1 688 594 136 206
239 1 678 594 136 206
240 1 670 598 136 206
241 1 670 598 136 206
242 1 654 602 136 206
243 1 654 602 136 206
244 1 642 612 136 206
245 1 628 616 136 206
246 1 624 630 136 206
247 1 618 654 142 174
248 1 610 654 142 174
249 1 610 654 142 174
250 1 606 664 142 174
251 1 596 666 142 174
252 1 560 676 178 170
253 1 558 690 178 170
254 1 550 700 178 170
255 1 546 708 162 198
256 1 532 716 162 198
257 1 526 734 162 198
258 0
259 0
260 1 446 794 190 190
261 1 420 804 190 190
262 1 394 818 190 190
263 1 362 830 190 190
264 1 334 844 190 190
265 1 310 858 190 190
266 1 282 882 190 190
267 1 230 914 218 160
268 0
269 0
270 0
271 0
272 0
273 0
274 0
275 0
276 0
277 0
278 0
279 0
280 0
281 0
282 0
283 0
284 0
285 0
286 0
287 0
288 0
289 0
290 0
291 0
292 0
293 0
294 0
295 0
296 0
297 0
298 0
299 0
300 0
301 0
302 0
303 0
304 0
