0 0
1 0
2 0
3 0
4 0
5 0
6 0
7 0
8 0
9 0
10 0
11 0
12 0
13 0
14 0
15 0
16 0
17 0
18 0
19 0
20 0
21 0
22 0
23 0
24 0
25 0
26 0
27 0
28 0
29 0
30 0
31 0
32 0
33 0
34 0
35 0
36 0
37 0
38 0
39 0
40 1 106 716 166 168
41 1 114 700 166 168
42 0
43 0
44 0
45 0
46 0
47 0
48 0
49 0
50 0
51 0
52 1 674 472 134 156
53 1 696 468 134 156
54 1 706 464 134 156
55 1 730 458 134 156
56 1 748 452 134 156
57 1 758 444 134 156
58 1 772 434 134 156
59 1 772 434 134 156
60 1 790 426 134 156
61 1 790 426 134 156
62 1 782 418 168 190
63 1 774 420 168 190
64 1 772 428 168 190
65 1 770 434 168 190
66 1 764 446 168 190
67 1 762 462 168 190
68 0
69 0
70 0
71 0
72 0
73 0
74 0
75 0
76 0
77 0
78 0
79 0
80 0
81 0
82 1 720 548 186 200
83 1 720 548 186 200
84 1 720 548 186 200
85 1 710 544 230 224
86 1 708 554 230 224
87 1 702 570 230 224
88 1 698 566 224 262
89 1 688 576 224 262
90 1 670 576 224 262
91 1 656 578 224 262
92 1 636 558 268 294
93 1 636 558 268 294
94 1 654 554 268 294
95 1 680 544 268 294
96 1 702 540 268 294
97 1 712 518 268 294
98 1 712 518 268 294
99 1 712 518 268 294
100 1 722 498 282 316
101 1 722 498 282 316
102 1 732 502 282 316
103 1 732 502 282 316
104 1 738 512 282 316
105 1 740 516 282 316
106 1 740 516 282 316
107 1 740 516 282 316
108 1 740 516 282 316
109 1 740 516 282 316
110 1 740 516 282 316
111 1 740 516 282 316
112 1 740 516 282 316
113 1 740 516 282 316
114 1 758 512 264 302
115 1 758 512 264 302
116 1 758 512 264 302
117 1 758 512 264 302
118 1 758 512 264 302
119 1 758 512 264 302
120 1 758 512 264 302
121 1 758 512 264 302
122 1 758 512 264 302
123 1 758 512 264 302
124 1 744 516 264 302
125 1 744 516 264 302
126 1 744 520 264 302
127 1 744 520 264 302
128 1 744 520 264 302
129 1 742 510 264 302
130 1 742 510 264 302
131 1 742 510 264 302
132 1 742 510 264 302
133 1 742 526 264 302
134 1 728 534 264 302
