0 0
1 0
2 0
3 0
4 0
5 0
6 0
7 0
8 0
9 0
10 0
11 0
12 0
13 0
14 0
15 0
16 0
17 0
18 0
19 0
20 0
21 0
22 0
23 0
24 0
25 0
26 0
27 0
28 0
29 0
30 0
31 0
32 0
33 0
34 0
35 0
36 0
37 0
38 0
39 0
40 0
41 0
42 0
43 0
44 0
45 0
46 0
47 0
48 0
49 0
50 0
51 0
52 0
53 0
54 0
55 0
56 0
57 0
58 0
59 1 756 398 112 156
60 1 762 388 112 156
61 1 764 384 112 156
62 1 766 378 112 156
63 1 762 370 112 156
64 1 748 370 112 156
65 1 726 364 112 156
66 1 722 386 106 180
67 1 712 408 106 180
68 1 714 446 106 180
69 1 724 478 106 180
70 1 744 504 106 180
71 1 760 526 106 180
72 1 792 526 106 180
73 1 802 520 106 180
74 1 822 504 106 180
75 1 836 504 106 180
76 1 846 510 106 180
77 1 846 510 106 180
78 1 846 518 106 180
79 1 854 520 106 180
80 1 854 520 106 180
81 1 866 526 106 180
82 1 884 544 106 180
83 1 910 552 106 180
84 1 916 556 118 204
85 1 936 568 118 204
86 1 958 582 118 204
87 1 964 596 122 200
88 1 978 612 122 200
89 1 1002 622 122 200
90 1 1024 634 122 200
91 1 1048 642 122 200
92 1 1068 652 122 200
93 1 1068 652 122 200
94 1 1082 656 122 200
95 1 1082 656 122 200
96 1 1076 662 122 200
97 1 1086 660 114 222
98 1 1066 644 134 232
99 1 1066 644 134 232
100 1 1060 644 134 232
101 1 1060 652 120 220
102 1 1060 652 120 220
103 1 1038 642 132 220
104 1 1014 642 158 178
105 1 978 632 202 192
106 1 986 616 202 192
107 1 966 592 228 230
108 1 972 584 228 230
109 1 968 586 228 230
110 1 952 568 256 254
111 1 952 568 256 254
112 1 952 568 256 254
113 1 942 552 298 308
114 1 942 572 298 308
115 1 954 574 298 308
116 1 932 556 344 352
117 1 956 576 322 328
118 1 956 592 334 332
119 1 956 592 344 350
120 1 960 594 344 350
121 1 956 614 362 344
122 1 956 614 362 344
123 1 954 612 362 344
124 1 954 612 362 344
125 1 954 612 362 344
126 1 954 612 362 344
127 1 944 622 362 344
128 1 944 622 362 344
129 1 934 584 318 402
130 1 922 586 318 402
131 1 922 586 318 402
132 1 922 586 318 402
133 1 922 586 318 402
134 1 922 586 318 402
135 1 922 586 318 402
136 1 908 604 318 402
137 1 906 618 318 402
138 1 900 630 318 402
139 1 890 638 318 402
140 1 876 654 318 402
141 1 896 672 274 382
142 1 896 672 274 382
143 1 868 660 296 402
144 1 864 648 296 402
145 1 858 648 296 402
146 1 848 652 296 402
147 1 840 660 296 402
148 1 826 678 306 368
149 1 826 678 306 368
150 1 826 678 306 368
151 1 826 678 306 368
152 1 828 678 306 368
153 1 828 678 306 368
154 1 828 678 306 368
155 1 822 680 312 304
156 1 822 680 312 304
157 1 822 680 312 304
158 1 830 678 276 286
159 1 814 670 276 286
160 1 822 646 276 286
161 1 830 624 276 286
162 1 848 600 310 300
163 0
164 1 848 494 382 454
165 1 838 466 422 482
166 1 850 460 422 482
167 1 868 428 424 518
168 1 876 416 424 518
169 1 886 406 424 518
170 1 900 394 424 518
171 1 900 394 424 518
172 1 900 394 424 518
173 1 898 388 424 518
174 1 898 388 424 518
175 1 928 370 354 512
176 1 924 370 354 512
177 1 924 370 354 512
178 1 918 352 354 512
179 1 946 350 354 484
180 1 970 350 354 484
181 1 998 334 354 484
182 1 1016 314 354 484
183 1 1030 312 354 484
184 1 1040 316 336 458
185 1 1034 308 336 458
186 1 1044 316 300 438
