0 0
1 0
2 0
3 0
4 0
5 0
6 0
7 0
8 0
9 0
10 0
11 0
12 0
13 0
14 0
15 0
16 0
17 0
18 0
19 0
20 0
21 0
22 0
23 0
24 0
25 0
26 0
27 0
28 0
29 0
30 0
31 0
32 0
33 0
34 0
35 0
36 0
37 0
38 0
39 0
40 0
41 0
42 0
43 0
44 0
45 0
46 0
47 0
48 0
49 0
50 0
51 0
52 0
53 0
54 0
55 0
56 0
57 0
58 0
59 0
60 0
61 0
62 0
63 0
64 0
65 0
66 0
67 0
68 0
69 0
70 0
71 0
72 0
73 0
74 0
75 0
76 0
77 0
78 0
79 0
80 0
81 0
82 0
83 0
84 0
85 0
86 0
87 0
88 0
89 0
90 0
91 0
92 0
93 0
94 0
95 0
96 0
97 0
98 0
99 0
100 0
101 0
102 0
103 0
104 0
105 0
106 0
107 0
108 0
109 0
110 0
111 0
112 0
113 0
114 0
115 0
116 0
117 0
118 0
119 0
120 0
121 0
122 0
123 0
124 0
125 0
126 0
127 0
128 0
129 0
130 0
131 0
132 0
133 0
134 1 980 542 82 140
135 1 998 532 82 140
136 1 998 522 82 140
137 1 994 520 82 140
138 1 980 520 82 140
139 1 964 522 82 140
140 1 940 526 82 140
141 1 924 532 82 140
142 1 896 542 92 154
143 1 880 542 92 154
144 1 868 542 102 156
145 1 862 548 102 156
146 1 856 560 102 156
147 1 866 556 96 166
148 1 866 556 96 166
149 1 868 556 96 166
150 1 860 554 108 178
151 1 868 560 108 178
152 1 872 562 108 178
153 1 882 554 108 178
154 1 896 554 108 178
155 1 908 556 126 188
156 1 922 556 126 188
157 1 946 570 126 188
158 1 968 572 132 206
159 1 984 580 132 206
160 1 986 586 168 196
161 1 988 594 168 196
162 1 1004 600 168 196
163 1 1014 606 168 196
164 1 1034 604 150 214
165 1 1044 612 150 214
166 1 1046 618 150 214
167 1 1046 618 150 214
168 1 1040 620 150 214
169 1 1040 620 150 214
170 1 1024 614 176 204
171 1 1024 614 176 204
172 1 1018 616 176 204
173 1 1018 616 176 204
174 1 1004 616 176 204
175 1 990 618 176 204
176 1 990 618 176 204
177 1 990 618 176 204
178 1 990 618 176 204
179 1 990 618 176 204
180 1 996 614 184 210
181 1 1006 614 184 210
182 1 1014 606 184 210
183 1 972 596 232 222
184 1 960 572 244 298
185 1 960 572 244 298
186 1 910 560 292 328
187 1 890 546 300 358
188 1 890 546 300 358
189 1 870 546 308 396
190 1 866 554 308 396
191 1 846 552 322 432
192 1 846 552 322 432
193 1 816 530 366 476
194 1 810 528 366 476
195 1 804 528 366 476
196 1 790 526 366 476
197 1 778 494 388 506
198 1 768 494 388 506
199 1 768 494 388 506
200 1 768 494 388 506
201 1 776 512 358 420
202 1 748 542 402 414
203 1 752 580 356 364
204 1 752 580 356 364
205 1 754 578 356 364
206 1 750 558 384 398
207 1 756 552 384 398
208 1 756 552 384 398
209 1 758 574 354 362
210 1 758 574 354 362
211 1 758 574 354 362
212 1 788 522 354 362
213 0
214 1 852 394 402 424
215 1 888 332 402 424
216 1 900 282 402 424
217 1 906 226 402 424
218 1 906 226 402 424
219 1 948 196 332 424
220 1 944 204 332 424
221 1 944 240 300 388
222 1 944 240 300 388
223 1 940 310 284 350
224 1 932 328 284 350
225 1 924 338 284 350
226 1 926 370 248 340
227 1 928 396 264 294
228 1 936 420 224 268
229 1 930 432 224 268
230 1 928 444 210 252
231 1 922 450 210 252
232 1 922 450 210 252
233 1 922 450 210 252
234 1 920 454 210 252
235 1 930 472 216 226
236 1 932 496 216 212
237 1 932 496 216 212
238 1 946 504 196 214
239 1 946 504 196 214
240 1 960 512 196 214
241 1 960 512 196 214
242 1 972 512 196 214
243 1 976 500 196 248
244 1 976 500 196 248
245 1 978 516 196 248
246 1 978 516 196 248
247 1 982 534 212 216
248 1 982 534 212 216
249 1 982 534 212 216
250 1 982 534 212 216
251 1 996 544 180 182
252 1 996 544 180 182
253 1 996 544 180 182
254 1 996 544 180 182
255 1 996 544 180 182
256 1 996 544 180 182
257 1 990 542 180 182
258 1 980 544 180 182
259 1 954 550 180 182
260 1 930 556 184 222
261 1 898 572 184 222
262 1 858 590 184 222
263 1 824 608 184 222
264 1 768 638 184 222
265 1 720 666 184 222
266 1 672 686 184 222
267 1 640 700 184 222
268 1 616 718 184 222
269 1 590 728 184 222
270 1 576 748 184 222
271 1 570 758 184 222
272 1 550 770 184 222
273 1 524 772 184 230
274 1 500 776 184 230
275 1 458 776 184 230
276 1 420 774 184 230
277 1 392 766 184 230
278 1 362 770 184 230
279 1 332 766 184 230
280 1 310 778 184 230
281 1 290 774 184 230
282 1 262 780 210 236
283 1 262 780 210 236
284 1 228 778 210 236
285 1 194 778 210 236
286 1 156 782 210 236
287 1 116 788 210 236
288 1 78 778 210 236
289 1 20 754 236 266
290 1 2 746 206 240
291 0
292 0
293 0
294 0
295 0
296 0
297 0
298 0
299 0
300 0
301 0
302 0
303 0
304 0
