0 0
1 0
2 0
3 0
4 0
5 0
6 0
7 0
8 0
9 0
10 0
11 0
12 0
13 0
14 0
15 0
16 0
17 0
18 0
19 0
20 0
21 0
22 0
23 0
24 0
25 0
26 0
27 0
28 0
29 0
30 0
31 0
32 0
33 0
34 0
35 1 684 286 138 130
36 1 704 284 138 130
37 1 746 286 128 154
38 1 772 292 128 154
39 1 794 296 128 154
40 1 814 304 128 154
41 1 834 308 128 154
42 1 850 308 128 154
43 1 858 318 128 154
44 1 880 332 128 154
45 1 888 350 128 154
46 1 886 354 128 154
47 1 884 354 128 154
48 1 868 354 128 154
49 1 856 352 134 168
50 1 840 356 134 168
51 1 838 364 134 168
52 1 838 378 134 168
53 1 832 386 134 168
54 1 832 388 134 168
55 1 838 400 134 168
56 1 842 412 134 168
57 1 860 426 134 168
58 1 876 432 134 168
59 1 894 444 134 168
60 1 900 450 134 168
61 1 914 452 142 188
62 1 924 460 142 188
63 1 936 466 142 188
64 1 946 476 142 188
65 1 954 484 142 188
66 1 962 488 142 188
67 1 972 494 142 188
68 1 982 496 142 188
69 1 986 500 142 188
70 1 986 500 142 188
71 1 980 486 172 224
72 1 980 486 172 224
73 1 992 490 172 224
74 1 992 490 172 224
75 1 992 490 172 224
76 1 992 490 172 224
77 1 992 490 172 224
78 1 1022 492 172 224
79 1 1028 488 172 224
80 1 1040 476 172 224
81 1 1046 448 172 224
82 1 1056 424 172 224
83 1 1070 404 172 224
84 1 1070 374 172 224
85 1 1062 322 218 268
86 1 1036 284 270 292
87 1 1022 238 342 302
88 1 1034 204 342 302
89 1 1052 190 342 302
90 1 1058 172 390 308
91 1 1064 140 414 362
92 1 1080 172 414 362
93 1 1080 172 414 362
94 1 1056 234 380 356
95 1 1014 302 380 356
96 1 1030 352 248 396
97 1 998 364 248 396
98 1 994 402 222 340
99 1 992 414 222 340
100 1 990 412 222 340
101 1 986 410 222 340
102 1 986 410 222 340
103 1 982 400 222 340
104 1 982 400 222 340
105 1 982 400 222 340
106 1 982 400 222 340
107 1 982 400 222 340
108 1 986 396 222 340
109 1 986 396 222 340
110 1 976 396 222 340
111 1 964 412 222 340
112 1 964 412 222 340
113 1 982 402 222 340
114 1 982 402 222 340
115 1 982 402 222 340
116 1 968 400 222 340
117 1 956 400 222 340
118 1 956 400 222 340
119 1 958 416 222 340
120 1 958 416 222 340
121 1 964 454 222 340
122 1 930 462 262 372
123 1 930 488 262 372
124 1 938 512 262 372
125 1 938 512 262 372
126 1 938 512 262 372
127 1 958 516 220 320
128 1 958 516 220 320
129 1 958 498 220 320
130 1 958 478 220 320
131 1 958 478 220 320
132 1 958 478 220 320
133 1 936 450 246 330
134 1 936 450 246 330
135 1 936 450 246 330
136 1 936 446 246 330
137 1 940 434 246 330
138 1 940 434 246 330
139 1 944 428 246 330
140 1 944 428 246 330
141 1 960 422 246 330
142 1 960 422 246 330
143 1 984 412 258 364
144 1 992 430 258 364
145 1 1028 446 258 364
146 1 1048 454 258 364
147 1 1048 454 258 364
148 1 1038 460 258 364
149 1 1054 468 258 364
150 1 1080 474 258 364
151 1 1118 480 258 364
152 1 1126 484 258 364
153 1 1126 484 258 364
154 1 1114 488 258 364
155 1 1104 488 258 364
156 1 1104 488 258 364
157 1 1094 500 256 336
158 1 1084 480 256 336
159 1 1072 464 256 336
160 1 1060 444 256 336
161 1 1042 436 226 320
162 1 1016 418 226 320
163 1 1006 418 226 320
164 1 986 412 226 320
165 1 972 420 206 290
166 1 964 414 206 290
167 1 944 408 206 290
168 1 944 408 206 290
169 1 944 408 206 290
170 1 944 408 206 290
171 1 950 398 206 290
172 1 958 392 206 290
173 1 958 392 206 290
174 1 958 392 206 290
175 1 958 392 206 290
176 1 944 392 206 290
177 1 944 392 206 290
178 1 950 420 182 258
179 1 950 420 182 258
180 1 950 420 182 258
181 1 952 448 182 258
182 1 952 448 182 258
183 1 968 458 182 258
184 1 970 486 182 230
185 1 972 498 182 230
186 1 972 510 182 230
187 1 980 518 182 230
188 1 980 518 182 230
189 1 980 518 182 230
190 1 980 518 182 230
191 1 980 518 182 230
192 1 980 518 182 230
193 1 980 518 182 230
194 1 980 518 182 230
195 1 980 518 182 230
196 1 980 518 182 230
197 1 980 518 182 230
198 1 980 506 182 230
199 1 980 506 182 230
200 1 980 506 182 230
201 1 980 506 182 230
202 1 980 500 182 230
203 1 980 500 182 230
204 1 980 500 182 230
205 1 968 504 182 230
206 1 968 504 182 230
207 1 966 528 168 214
208 1 966 528 168 214
209 1 966 528 168 214
210 1 970 514 168 214
211 1 972 508 168 214
212 1 970 488 168 214
213 1 970 488 168 214
214 1 974 474 168 214
215 1 974 464 168 214
216 1 970 472 168 214
217 1 970 472 168 214
218 1 972 480 168 214
219 1 972 480 168 214
220 1 972 480 168 214
221 1 956 478 168 214
222 1 952 476 168 214
223 1 936 476 168 214
224 1 936 476 168 214
225 1 936 476 168 214
226 1 942 482 170 196
227 1 942 482 170 196
228 1 966 488 162 186
229 1 966 488 162 186
230 1 964 484 162 186
231 1 964 484 162 186
232 1 944 478 162 186
233 1 922 472 162 186
234 1 900 466 162 186
