0 0
1 0
2 0
3 0
4 0
5 0
6 0
7 0
8 0
9 0
10 0
11 0
12 0
13 0
14 0
15 0
16 0
17 0
18 0
19 0
20 0
21 0
22 0
23 0
24 0
25 0
26 0
27 0
28 0
29 0
30 0
31 0
32 0
33 0
34 0
35 0
36 0
37 0
38 0
39 0
40 1 1174 598 122 202
41 1 1198 622 122 202
42 1 1204 642 154 220
43 1 1204 676 154 220
44 1 1200 698 154 220
45 1 1194 708 154 220
46 1 1192 726 154 220
47 1 1184 746 154 220
48 1 1176 764 154 220
49 1 1164 788 154 220
50 1 1144 812 172 252
51 1 1136 814 172 252
52 1 1124 828 172 244
53 1 1112 868 192 204
54 1 1112 900 194 172
55 1 1112 906 194 170
56 1 1092 904 204 176
57 1 1104 918 188 158
58 1 1108 938 182 138
59 1 1108 938 182 138
60 1 1088 938 182 138
61 1 1076 942 182 138
62 1 1062 942 182 138
63 1 1062 942 182 138
64 1 1046 946 182 134
65 1 1026 942 182 134
66 1 1018 910 176 164
67 1 1018 910 176 164
68 1 1018 910 176 164
69 1 994 896 194 182
70 1 990 884 194 182
71 1 998 848 194 182
72 1 994 830 194 182
73 1 994 830 194 182
74 1 998 800 178 258
75 1 998 800 178 258
76 1 996 784 178 258
77 1 998 762 178 258
78 1 1000 728 178 258
79 1 998 684 178 258
80 1 1000 650 178 258
81 1 992 610 186 274
82 1 984 568 186 274
83 1 984 520 198 302
84 1 976 500 198 302
85 1 970 482 198 302
86 1 962 434 240 330
87 1 954 422 240 330
88 1 950 402 240 330
89 1 950 386 240 330
90 1 952 380 240 330
91 1 956 384 240 330
92 1 956 384 240 330
93 1 956 384 240 330
94 1 962 380 256 356
95 1 962 380 256 356
96 1 966 400 256 356
97 1 966 400 256 356
98 1 966 400 256 356
99 1 966 400 256 356
100 1 966 400 256 356
101 1 966 400 256 356
102 1 966 400 256 356
103 1 966 400 256 356
104 1 966 400 256 356
105 1 966 400 256 356
106 1 966 400 256 356
107 1 966 400 256 356
108 1 968 386 256 356
109 1 968 386 256 356
110 1 968 386 256 356
111 1 968 386 256 356
112 1 968 386 256 356
113 1 982 380 256 356
114 1 982 380 256 356
115 1 982 380 256 356
116 1 962 360 314 372
117 1 962 360 314 372
118 1 948 356 314 372
119 1 948 356 314 372
120 1 948 356 314 372
121 1 942 364 328 370
