0 0
1 0
2 0
3 0
4 0
5 0
6 0
7 0
8 0
9 0
10 0
11 0
12 0
13 0
14 0
15 0
16 0
17 0
18 0
19 0
20 0
21 0
22 0
23 0
24 0
25 0
26 0
27 0
28 0
29 0
30 0
31 0
32 0
33 0
34 0
35 0
36 0
37 0
38 0
39 0
40 0
41 0
42 0
43 0
44 0
45 0
46 0
47 0
48 0
49 0
50 0
51 0
52 0
53 0
54 0
55 0
56 0
57 0
58 0
59 0
60 0
61 0
62 0
63 0
64 0
65 0
66 0
67 0
68 0
69 0
70 0
71 0
72 0
73 0
74 0
75 0
76 0
77 0
78 0
79 0
80 0
81 0
82 0
83 0
84 0
85 0
86 0
87 0
88 0
89 0
90 0
91 0
92 0
93 0
94 0
95 0
96 1 860 210 112 190
97 1 860 210 112 190
98 1 852 200 140 212
99 1 852 200 140 212
100 1 852 200 140 212
101 1 852 200 140 212
102 1 852 200 140 212
103 1 852 200 140 212
104 1 852 200 140 212
105 1 852 220 140 212
106 1 852 238 140 212
107 1 850 256 140 212
108 1 846 260 140 212
109 1 838 268 140 212
110 1 828 288 140 212
111 1 820 310 140 212
112 1 820 310 140 212
113 1 820 310 140 212
114 1 802 322 180 238
115 1 804 330 180 238
116 1 810 354 180 238
117 1 808 372 180 238
118 1 812 380 180 238
119 1 820 396 180 238
120 1 820 396 180 238
121 1 826 412 180 238
122 1 826 412 180 238
123 1 838 420 180 238
124 1 838 428 180 238
125 1 818 448 232 300
126 1 814 464 232 300
127 1 810 476 232 300
128 1 806 492 226 304
129 1 802 498 226 304
130 1 788 506 226 304
131 1 740 538 262 302
132 1 750 556 244 310
133 1 718 564 244 310
134 1 714 578 244 310
135 1 696 584 244 310
136 1 696 584 244 310
137 1 696 584 244 310
138 1 696 584 244 310
139 1 696 594 244 310
140 1 696 594 244 310
141 1 694 586 244 310
142 1 658 568 268 354
143 1 658 568 268 354
144 1 654 552 268 354
145 1 660 552 268 354
146 1 660 552 268 354
147 1 660 552 268 354
148 1 662 540 268 354
149 1 662 540 268 354
150 1 662 512 268 354
151 1 662 480 268 354
152 1 670 470 268 354
153 1 666 426 268 354
154 1 658 400 268 354
155 1 658 400 268 354
156 1 626 388 318 318
157 1 636 376 318 318
158 1 636 376 318 318
159 1 590 324 396 378
160 1 590 324 396 378
161 1 596 300 458 448
162 1 622 316 458 448
163 1 612 336 484 486
164 1 604 364 502 524
165 1 570 356 568 594
166 1 616 380 568 594
167 1 652 424 568 594
168 1 624 438 626 632
169 1 646 476 558 596
170 1 646 476 558 596
171 1 664 478 558 596
172 1 652 516 604 552
173 1 652 516 604 552
174 1 652 516 604 552
175 1 718 478 546 596
176 1 718 478 546 596
177 1 718 478 546 596
178 1 718 478 546 596
179 1 718 478 546 596
180 1 718 478 546 596
181 1 728 482 546 596
182 1 778 446 444 626
183 1 778 446 444 626
184 1 778 446 444 626
185 1 778 446 444 626
186 1 778 446 444 626
187 1 778 446 444 626
188 1 772 432 444 626
189 1 772 432 444 626
190 1 772 432 444 626
191 1 772 416 444 626
192 1 772 416 444 626
193 1 772 416 444 626
194 1 772 416 444 626
195 1 772 416 444 626
196 1 752 432 470 612
197 1 752 432 470 612
198 1 752 432 470 612
199 1 752 422 506 608
200 1 752 422 506 608
