0 0
1 0
2 0
3 0
4 0
5 0
6 0
7 0
8 0
9 0
10 0
11 0
12 0
13 0
14 0
15 0
16 0
17 0
18 0
19 0
20 0
21 0
22 0
23 0
24 0
25 0
26 0
27 0
28 0
29 0
30 0
31 0
32 0
33 0
34 0
35 0
36 0
37 0
38 1 810 374 162 278
39 1 810 374 162 278
40 1 840 378 162 278
41 1 846 384 162 278
42 1 842 400 162 278
43 1 842 400 162 278
44 1 816 406 162 278
45 1 800 418 162 278
46 1 794 438 162 278
47 1 786 448 162 278
48 1 786 448 162 278
49 1 786 448 162 278
50 1 804 460 162 278
51 1 804 460 162 278
52 1 814 460 162 278
53 1 814 460 162 278
54 1 826 460 174 316
55 1 826 460 174 316
56 1 844 472 174 316
57 1 850 472 174 316
58 1 850 472 174 316
59 1 874 458 174 316
60 1 886 448 174 316
61 1 906 436 174 316
62 1 906 436 174 316
63 1 936 430 174 316
64 1 938 418 206 356
65 1 950 436 206 356
66 1 972 450 206 356
67 1 986 452 206 356
68 1 1004 456 206 356
69 1 1026 476 206 356
70 1 1056 496 206 356
71 1 1078 504 206 356
72 1 1078 482 206 356
73 1 1078 482 206 356
74 1 1078 482 206 356
75 1 1078 482 206 356
76 1 1078 482 206 356
77 1 1078 482 206 356
78 1 1040 472 250 362
79 1 1054 460 250 362
80 1 1054 460 250 362
81 1 1034 442 278 378
82 1 1034 442 278 378
83 1 1034 426 278 378
84 1 1016 398 326 388
85 1 1000 384 372 396
86 1 1000 384 372 396
87 1 1008 362 346 432
88 1 996 326 402 498
89 1 996 326 402 498
90 1 1018 332 402 498
91 1 1008 334 458 498
92 1 990 314 500 522
93 1 1006 326 500 522
94 1 960 308 552 578
95 1 960 308 552 578
96 1 912 292 598 620
97 1 872 290 618 646
98 1 872 290 618 646
99 1 838 272 606 710
100 1 836 284 606 710
101 1 822 278 614 766
102 1 822 288 614 766
103 1 858 264 512 812
104 1 858 264 512 812
105 1 858 262 512 812
106 1 844 218 520 858
107 1 844 210 520 858
108 1 840 188 520 858
109 1 852 148 534 898
110 1 852 148 534 898
111 1 852 148 534 898
112 1 852 148 534 898
113 1 848 164 534 898
114 1 848 164 534 898
115 1 926 198 376 842
116 1 926 216 376 842
117 1 926 216 376 842
118 1 954 226 376 842
119 1 984 232 376 842
120 1 984 232 376 842
121 1 1012 220 376 842
122 1 1032 196 376 842
123 1 1004 208 402 786
124 1 1004 208 402 786
125 1 1004 208 402 786
126 1 1004 208 402 786
127 1 1002 218 402 786
128 1 1024 246 402 786
129 1 1024 246 402 786
130 1 1022 282 402 786
131 1 1004 314 398 740
132 1 1004 314 398 740
133 1 1004 314 398 740
134 1 988 316 398 740
135 1 988 316 398 740
136 1 988 316 398 740
137 1 1024 316 398 740
138 1 1024 316 398 740
139 1 1028 344 420 640
140 1 1028 344 420 640
141 1 1028 344 420 640
142 1 1034 320 420 640
143 1 1034 320 420 640
144 1 1034 296 420 640
145 1 1034 296 420 640
146 1 1034 296 420 640
147 1 1044 254 420 640
