0 0
1 0
2 0
3 0
4 0
5 0
6 0
7 0
8 0
9 0
10 0
11 0
12 0
13 0
14 0
15 0
16 0
17 0
18 0
19 0
20 0
21 0
22 0
23 0
24 0
25 0
26 0
27 0
28 0
29 0
30 0
31 0
32 0
33 0
34 0
35 0
36 0
37 0
38 0
39 0
40 0
41 0
42 0
43 0
44 0
45 0
46 0
47 0
48 0
49 0
50 0
51 0
52 0
53 0
54 0
55 0
56 0
57 0
58 0
59 0
60 0
61 0
62 0
63 0
64 0
65 0
66 1 404 486 258 332
67 1 450 492 258 332
68 1 492 494 258 332
69 1 526 500 258 332
70 1 562 510 256 348
71 1 588 516 256 348
72 1 608 522 256 348
73 1 634 528 256 348
74 1 654 522 256 348
75 1 710 504 238 368
76 1 710 504 238 368
77 1 710 504 238 368
78 1 742 498 238 368
79 1 752 502 238 368
80 1 782 508 230 358
81 1 782 508 230 358
82 1 782 508 230 358
83 1 782 508 230 358
84 1 782 508 230 358
85 1 806 508 230 358
86 1 806 508 230 358
87 1 824 508 230 358
88 1 824 508 230 358
89 1 840 506 230 358
90 1 848 516 230 358
91 1 848 516 230 358
92 1 878 520 230 358
93 1 878 520 230 358
94 1 908 520 230 358
95 1 908 520 230 358
96 1 934 524 230 358
97 1 934 524 230 358
98 1 946 522 230 358
99 1 946 522 230 358
100 1 960 526 230 358
101 1 960 526 230 358
102 1 960 526 230 358
103 1 960 526 230 358
104 1 982 526 230 358
105 1 992 502 216 392
106 1 992 502 216 392
107 1 992 502 216 392
108 1 998 502 216 392
109 1 998 502 216 392
110 1 1024 496 216 392
111 1 1024 496 216 392
112 1 1008 468 256 392
113 1 1008 468 256 392
114 1 1008 456 256 392
115 1 1010 426 256 392
116 1 1010 426 256 392
117 1 1004 400 256 392
118 1 1000 356 286 416
119 1 1000 330 286 416
120 1 996 318 286 416
121 1 970 254 362 476
122 1 970 254 362 476
123 1 974 218 362 476
124 1 928 192 446 494
125 1 916 192 446 494
126 1 882 172 470 526
127 1 866 146 502 586
128 1 862 160 502 586
129 1 860 166 502 586
130 1 852 158 484 676
131 1 852 174 484 676
132 1 848 198 484 676
133 1 822 196 450 726
134 1 800 212 450 726
135 1 792 232 450 726
136 1 786 270 450 726
137 1 774 290 450 726
138 1 760 300 450 726
139 1 760 300 450 726
140 1 760 300 450 726
141 1 776 300 450 726
142 1 804 294 450 726
143 1 826 288 450 726
144 1 884 260 374 714
145 1 884 260 374 714
146 1 884 260 374 714
147 1 900 258 374 714
148 1 910 258 374 714
149 1 920 256 374 714
150 1 920 256 374 714
151 1 902 240 374 714
152 1 902 240 374 714
153 1 902 240 374 714
154 1 902 240 374 714
155 1 902 240 374 714
156 1 918 240 374 714
157 1 918 240 374 714
158 1 918 240 374 714
159 1 918 240 374 714
160 1 918 240 374 714
161 1 882 218 438 770
162 1 884 222 438 770
163 1 868 222 476 758
164 1 876 240 476 758
165 1 876 240 476 758
166 1 880 238 476 758
167 1 880 238 476 758
168 1 868 250 522 764
169 1 868 250 522 764
170 1 868 250 522 764
171 1 868 250 522 764
172 1 866 234 522 764
173 1 866 234 522 764
174 1 866 234 522 764
175 1 866 234 522 764
176 1 866 234 522 764
177 1 866 234 522 764
178 1 866 234 522 764
179 1 866 234 522 764
180 1 866 234 522 764
181 1 866 234 522 764
182 1 866 234 522 764
183 1 866 234 522 764
184 1 838 238 522 764
185 1 838 238 522 764
186 1 812 246 522 764
187 1 826 216 420 820
188 1 826 216 420 820
189 1 826 216 420 820
190 1 826 216 420 820
191 1 826 216 420 820
192 1 826 216 420 820
193 1 826 216 420 820
194 1 826 216 420 820
195 1 798 210 420 820
196 1 798 210 420 820
197 1 798 210 420 820
198 1 808 220 420 820
199 1 808 220 420 820
200 1 808 220 420 820
201 1 808 220 420 820
202 1 808 220 420 820
203 1 808 220 420 820
204 1 808 220 420 820
205 1 808 220 420 820
206 1 808 220 420 820
207 1 808 220 420 820
208 1 808 220 420 820
209 1 808 220 420 820
210 1 808 220 420 820
211 1 808 220 420 820
212 1 808 220 420 820
213 1 808 220 420 820
214 1 808 220 420 820
215 1 826 212 420 820
216 1 826 212 420 820
217 1 826 212 420 820
218 1 850 202 420 820
219 1 850 202 420 820
220 1 850 202 420 820
221 1 850 202 420 820
222 1 850 202 420 820
223 1 850 202 420 820
224 1 858 206 420 820
225 1 858 206 420 820
226 1 888 206 420 820
227 1 906 206 420 820
228 1 924 204 420 820
229 1 998 174 366 728
230 1 996 134 366 728
231 1 1008 94 364 726
232 1 1008 94 364 726
233 1 1018 66 374 678
234 1 1014 28 374 678
235 1 1014 28 374 678
236 1 996 42 366 620
237 1 996 42 366 620
238 1 996 42 366 620
239 1 986 134 392 506
240 1 986 134 392 506
241 1 984 174 372 486
242 1 984 174 372 486
243 1 958 216 398 446
244 1 958 216 398 446
245 1 978 224 336 464
246 1 978 224 336 464
247 1 978 224 336 464
248 1 986 286 326 412
249 1 996 312 326 412
250 1 992 334 326 412
251 1 992 334 326 412
252 1 1042 344 260 418
253 1 1042 344 260 418
254 1 1042 344 260 418
255 1 1064 368 260 418
256 1 1064 368 260 418
257 1 1064 368 260 418
258 1 1068 386 260 418
259 1 1068 386 260 418
260 1 1080 410 260 418
261 1 1080 410 260 418
262 1 1080 410 260 418
263 1 1080 410 260 418
264 1 1080 410 260 418
265 1 1076 380 260 418
266 1 1076 380 260 418
267 1 1076 380 260 418
268 1 1076 380 260 418
269 1 1062 384 260 418
270 1 1062 384 260 418
271 1 1062 384 260 418
272 1 1062 384 260 418
273 1 1062 384 260 418
274 1 1062 384 260 418
275 1 1028 378 260 418
276 1 1028 378 260 418
277 1 1002 372 230 392
278 1 978 366 230 392
279 1 964 364 230 392
280 1 946 364 230 392
281 1 946 364 230 392
282 1 946 364 230 392
283 1 926 356 230 392
284 1 926 356 230 392
285 1 912 348 230 392
286 1 912 348 230 392
287 1 912 348 230 392
288 1 898 340 230 392
289 1 898 340 230 392
290 1 874 344 230 392
291 1 874 344 230 392
292 1 874 344 230 392
293 1 874 344 230 392
294 1 842 312 230 392
295 1 820 306 230 392
296 1 804 288 202 372
297 1 768 270 202 372
298 1 722 254 202 372
299 1 688 222 202 372
300 1 640 216 202 372
301 1 608 208 202 372
302 1 562 200 202 372
303 1 510 206 250 382
304 1 458 220 250 382
305 1 420 230 250 382
306 1 364 250 250 382
307 1 312 270 250 382
308 1 258 282 250 382
309 1 180 314 322 368
310 1 110 322 322 368
311 0
312 0
313 0
314 0
315 0
316 0
317 0
318 0
319 0
320 0
321 0
322 0
323 0
324 0
325 0
326 0
327 0
328 0
329 0
330 0
331 0
332 0
333 0
334 0
335 0
336 0
337 0
338 0
339 0
340 0
341 0
342 0
343 0
344 0
345 0
346 0
347 0
348 0
349 0
350 0
351 0
352 0
353 0
354 0
355 0
356 0
357 0
358 0
359 0
360 0
361 0
362 0
363 0
364 0
365 0
366 0
367 0
368 0
369 0
370 0
371 0
372 0
373 0
374 0
375 0
376 0
377 0
378 0
379 0
380 0
381 0
382 0
383 0
384 0
385 0
386 0
387 0
388 0
389 0
390 0
391 0
392 0
393 0
394 0
395 0
396 0
