0 0
1 0
2 0
3 0
4 0
5 0
6 0
7 0
8 0
9 0
10 0
11 0
12 0
13 0
14 0
15 1 842 294 92 190
16 1 856 308 92 190
17 1 872 314 92 190
18 1 890 320 92 190
19 1 890 320 92 190
20 1 900 322 92 190
21 1 914 318 92 190
22 1 920 316 92 190
23 1 918 308 132 252
24 1 918 308 132 252
25 1 918 308 132 252
26 1 942 324 140 252
27 1 948 336 140 252
28 1 950 358 140 252
29 1 958 370 148 264
30 1 962 388 148 264
31 1 972 396 148 264
32 1 972 396 148 264
33 1 972 396 148 264
34 1 972 396 148 264
35 1 972 396 148 264
36 1 972 396 148 264
37 1 952 414 148 264
38 1 944 422 148 264
39 1 940 430 148 264
40 1 940 422 178 310
41 1 948 418 144 302
42 1 948 418 144 302
43 1 948 424 144 302
44 1 944 428 144 302
45 1 942 442 144 302
46 1 940 464 144 302
47 1 922 480 144 302
48 1 930 486 144 302
49 1 932 496 144 302
50 1 932 496 144 302
51 1 932 502 174 302
52 1 932 502 174 302
53 1 932 502 174 302
54 1 932 502 174 302
55 1 948 482 180 334
56 1 948 482 180 334
57 1 958 488 180 334
58 1 960 504 180 334
59 1 960 504 180 334
60 1 978 504 180 334
61 1 978 504 180 334
62 1 974 488 180 334
63 1 974 488 180 334
64 1 970 434 180 334
65 1 950 420 180 334
66 1 950 420 180 334
67 1 934 422 180 334
68 1 924 418 180 334
69 1 924 418 180 334
70 1 924 418 180 334
71 1 906 434 180 334
72 1 906 434 180 334
73 1 894 440 180 334
74 1 894 440 180 334
75 1 878 440 216 352
76 1 878 440 216 352
77 1 878 440 216 352
78 1 900 420 204 372
79 1 900 420 204 372
80 1 888 382 226 416
81 1 888 382 226 416
82 1 884 338 244 478
83 1 884 338 244 478
84 1 886 324 244 478
85 1 858 284 318 570
86 1 858 284 318 570
87 1 858 264 342 612
88 1 858 264 342 612
89 1 838 262 402 676
90 1 862 284 402 676
91 1 846 284 424 716
92 1 868 312 424 716
93 1 868 312 424 716
94 1 864 348 442 720
95 1 852 362 442 714
96 1 852 362 442 714
97 1 840 386 468 690
98 1 840 386 468 690
99 1 858 386 468 690
100 1 846 386 468 688
101 1 846 386 468 688
102 1 846 386 468 688
103 1 840 386 468 688
104 1 840 386 468 688
105 1 840 386 468 688
106 1 840 386 468 688
107 1 840 386 468 688
108 1 840 386 468 688
109 1 840 386 468 688
110 1 840 386 468 688
111 1 840 386 468 688
112 1 798 414 494 662
113 1 798 414 494 662
114 1 798 414 494 662
115 1 798 414 494 662
116 1 798 414 494 662
117 1 798 414 494 662
118 1 798 414 494 662
119 1 798 414 494 662
120 1 854 424 390 638
121 1 854 424 390 638
122 1 854 424 390 638
123 1 850 446 372 584
124 1 850 446 372 584
125 1 860 428 372 584
126 1 890 436 308 518
127 1 890 436 308 518
128 1 926 426 244 488
129 1 926 426 244 488
130 1 936 420 224 446
131 1 936 420 224 446
132 1 940 422 218 410
133 1 940 422 218 410
134 1 944 436 222 368
135 1 944 436 222 368
136 1 964 432 182 362
137 1 964 432 182 362
138 1 958 432 182 362
139 1 958 432 182 362
140 1 948 444 182 362
141 1 948 444 182 362
142 1 950 466 182 338
143 1 950 466 182 338
144 1 950 466 182 338
145 1 948 482 182 338
146 1 948 482 182 338
147 1 948 496 182 338
148 1 948 500 182 338
149 1 948 506 182 338
150 1 948 506 182 338
