0 0
1 0
2 0
3 0
4 0
5 0
6 0
7 0
8 0
9 0
10 0
11 0
12 0
13 0
14 0
15 0
16 0
17 0
18 0
19 0
20 0
21 0
22 0
23 0
24 0
25 0
26 0
27 0
28 0
29 0
30 0
31 0
32 0
33 0
34 0
35 0
36 0
37 0
38 0
39 0
40 0
41 0
42 0
43 0
44 0
45 0
46 0
47 0
48 0
49 0
50 0
51 0
52 0
53 0
54 0
55 0
56 0
57 0
58 0
59 0
60 0
61 1 930 346 88 156
62 1 932 356 88 156
63 1 928 360 88 156
64 1 922 354 102 182
65 1 922 362 102 182
66 1 922 362 102 182
67 1 922 372 102 182
68 1 924 386 102 182
69 1 930 404 102 182
70 1 940 426 102 182
71 1 934 440 116 184
72 1 934 448 116 184
73 1 934 448 116 184
74 1 946 426 110 182
75 1 958 426 110 182
76 1 970 418 110 182
77 1 968 402 110 182
78 1 968 402 110 182
79 1 958 402 110 182
80 1 952 412 110 182
81 1 954 420 110 182
82 1 952 418 130 210
83 1 952 418 130 210
84 1 974 416 130 210
85 1 996 422 130 210
86 1 1014 420 130 210
87 1 1026 432 130 210
88 1 1026 442 130 210
89 1 1034 450 130 210
90 1 1040 462 130 210
91 1 1044 484 130 210
92 1 1034 482 166 266
93 1 1034 482 166 266
94 1 1034 482 166 266
95 1 1042 466 166 268
96 1 1042 466 166 268
97 1 1024 466 166 268
98 1 1012 454 176 248
99 1 1000 444 176 248
100 1 996 426 176 248
101 1 996 426 176 248
102 1 996 426 176 248
103 1 964 444 176 248
104 1 962 438 176 248
105 1 936 462 210 294
106 1 932 478 210 294
107 1 924 494 210 294
108 1 922 498 210 294
109 1 922 506 210 294
110 1 938 512 210 294
111 1 944 488 216 338
112 1 944 488 216 338
113 1 958 488 216 338
114 1 968 472 216 338
115 1 968 472 216 338
116 1 968 472 216 338
117 1 968 472 216 338
118 1 966 482 216 338
119 1 966 482 216 338
120 1 966 490 216 338
121 1 966 502 216 338
122 1 962 512 216 338
123 1 960 518 216 338
124 1 960 518 216 338
125 1 964 522 216 338
126 1 964 522 216 338
127 1 964 522 216 338
128 1 964 522 216 338
129 1 964 522 216 338
130 1 964 522 216 338
131 1 964 522 216 338
132 1 958 528 216 338
133 1 942 520 228 340
134 1 928 516 228 340
135 1 902 490 252 364
136 1 902 490 252 364
137 1 902 490 252 364
138 1 862 474 284 412
139 1 868 476 284 412
140 1 868 476 284 412
141 1 864 460 316 440
142 1 858 450 338 446
143 1 858 450 338 446
144 1 844 416 374 502
145 1 840 408 374 502
146 1 810 362 422 578
147 1 802 378 422 578
148 1 766 358 470 662
149 1 758 382 470 662
150 1 718 376 502 698
151 1 702 418 512 656
152 1 684 432 524 642
153 1 682 488 528 588
154 1 682 488 528 588
155 1 640 586 598 486
156 0
157 0
158 0
159 0
160 0
161 0
162 0
163 0
164 0
165 0
166 0
167 0
168 0
169 0
170 0
171 0
172 0
173 0
174 0
175 0
176 0
177 0
178 0
179 0
180 0
181 0
182 0
183 0
184 1 998 478 654 588
185 1 1002 462 654 588
186 1 1006 384 644 666
187 1 1004 376 644 666
188 1 992 338 644 666
189 1 972 328 644 666
190 1 952 326 644 666
191 1 938 312 550 650
192 1 938 312 550 650
193 1 920 314 550 650
194 1 896 306 472 622
195 1 872 312 472 622
196 1 858 308 472 622
197 1 858 308 472 622
