0 0
1 0
2 0
3 0
4 0
5 0
6 0
7 0
8 0
9 0
10 0
11 0
12 0
13 0
14 0
15 0
16 0
17 0
18 0
19 0
20 0
21 0
22 0
23 0
24 0
25 0
26 0
27 0
28 0
29 0
30 0
31 0
32 0
33 0
34 0
35 0
36 0
37 0
38 0
39 0
40 0
41 0
42 0
43 0
44 0
45 0
46 0
47 0
48 0
49 0
50 0
51 0
52 0
53 0
54 0
55 0
56 0
57 0
58 0
59 1 1004 516 130 228
60 1 956 514 130 228
61 1 926 512 130 228
62 1 920 528 130 228
63 1 928 564 152 240
64 1 956 596 152 240
65 1 970 620 152 240
66 1 968 622 152 240
67 1 962 610 152 240
68 1 954 590 152 240
69 1 954 570 152 240
70 1 970 558 152 240
71 1 986 550 152 240
72 1 1026 536 152 240
73 1 1052 526 152 240
74 1 1052 526 152 240
75 1 1052 534 152 240
76 1 1044 554 152 240
77 1 1044 562 152 240
78 1 1048 552 162 272
79 1 1058 552 162 272
80 1 1076 548 162 272
81 1 1076 540 202 234
82 1 1076 534 202 234
83 1 1076 534 202 234
84 1 1076 534 202 234
85 1 1084 536 202 234
86 1 1084 536 202 234
87 1 1084 556 202 234
88 1 1084 556 202 234
89 1 1066 550 258 258
90 1 1066 550 258 258
91 1 1048 532 274 294
92 1 1048 532 274 294
93 1 1042 500 300 332
94 1 1042 478 326 354
95 1 1038 456 316 406
96 1 1028 438 350 436
97 1 1030 432 350 436
98 1 1016 410 390 478
99 1 1028 372 344 540
100 1 1008 364 344 540
101 1 998 354 344 540
102 1 990 320 336 578
103 1 990 320 336 578
104 1 1000 280 290 654
105 1 1000 292 290 654
106 1 998 294 304 688
107 1 998 304 304 688
108 1 1006 296 330 734
109 1 1006 296 330 734
110 1 1008 294 374 746
111 1 1014 280 364 768
112 1 1012 280 364 768
113 1 994 256 388 810
114 1 994 256 388 810
115 1 964 254 388 810
116 1 946 240 374 830
117 1 924 236 374 830
118 1 908 238 374 830
119 1 902 238 374 830
120 1 896 238 374 830
121 1 888 240 374 830
122 1 882 242 374 830
123 1 872 246 374 830
124 1 872 246 374 830
125 1 872 246 374 830
126 1 872 246 374 830
127 1 872 246 374 830
128 1 872 246 374 830
129 1 872 246 374 830
130 1 872 246 374 830
131 1 868 246 374 830
132 1 864 246 374 830
133 1 864 246 374 830
134 1 850 246 374 830
135 1 850 246 374 830
136 1 850 246 374 830
137 1 850 246 374 830
138 1 844 238 382 806
139 1 832 236 382 806
140 1 828 232 382 806
141 1 820 224 382 806
142 1 814 224 382 806
143 1 802 226 382 806
144 1 762 226 382 806
145 1 752 226 382 806
146 1 740 220 382 806
147 1 722 218 382 806
148 1 708 264 382 718
149 1 682 274 382 718
150 1 662 290 382 718
151 1 650 292 382 718
152 1 640 300 432 680
153 1 626 312 432 680
154 1 626 312 432 680
155 1 626 312 432 680
156 1 628 298 432 680
157 1 628 298 432 680
158 1 628 298 432 680
159 1 646 292 432 680
160 1 676 276 368 698
161 1 676 276 368 698
162 1 700 256 352 762
163 1 702 266 352 762
164 1 734 282 352 762
165 1 730 282 440 794
166 1 758 282 440 794
167 1 784 282 440 794
168 1 774 276 480 794
169 1 774 276 480 794
170 1 818 312 468 762
171 1 818 312 468 762
172 1 818 312 468 762
173 1 818 312 468 762
174 1 800 284 460 790
175 1 800 284 460 790
176 1 798 282 460 790
177 1 798 282 460 790
178 1 798 282 460 790
179 1 798 282 460 790
180 1 806 288 460 790
181 1 868 300 360 774
182 1 878 300 360 774
183 1 848 284 418 788
184 1 848 284 418 788
185 1 848 284 418 788
186 1 848 284 418 788
187 1 870 320 384 668
188 1 894 352 400 604
189 1 894 352 400 604
