0 0
1 0
2 0
3 0
4 0
5 0
6 0
7 0
8 0
9 0
10 0
11 0
12 0
13 0
14 0
15 0
16 0
17 0
18 0
19 0
20 0
21 0
22 0
23 0
24 0
25 0
26 0
27 1 1166 160 104 230
28 1 1146 160 104 230
29 1 1122 156 112 232
30 1 1094 148 112 232
31 1 1070 148 112 232
32 1 1052 138 112 232
33 1 1030 140 112 232
34 1 1008 130 118 254
35 1 1008 130 118 254
36 1 1000 134 118 254
37 1 992 134 118 254
38 1 980 126 118 254
39 1 966 112 118 254
40 1 956 126 118 254
41 1 942 126 118 254
42 1 930 126 118 254
43 1 918 128 118 254
44 1 912 132 118 254
45 1 912 132 118 254
46 1 900 132 118 254
47 1 900 142 118 254
48 1 906 144 118 254
49 1 906 144 118 254
50 1 906 144 118 254
51 1 906 144 118 254
52 1 906 154 118 254
53 1 906 154 118 254
54 1 902 166 118 254
55 1 894 162 144 258
56 1 894 162 144 258
57 1 902 174 144 258
58 1 906 180 144 258
59 1 906 180 144 258
60 1 906 186 144 258
61 1 906 190 158 274
62 1 906 190 158 274
63 1 912 202 158 274
64 1 912 202 158 274
65 1 916 208 158 274
66 1 922 220 158 274
67 1 922 220 158 274
68 1 922 226 158 274
69 1 918 244 158 274
70 1 926 240 156 300
71 1 924 254 156 300
72 1 924 254 156 300
73 1 934 268 156 300
74 1 940 274 156 300
75 1 944 280 156 300
76 1 956 284 156 300
77 1 956 284 156 300
78 1 956 284 156 300
79 1 956 284 156 300
80 1 956 284 156 300
81 1 954 284 188 322
82 1 954 284 188 322
83 1 972 294 188 322
84 1 988 296 188 322
85 1 1008 302 188 322
86 1 1026 288 180 348
87 1 1038 304 180 348
88 1 1052 302 180 348
89 1 1064 300 180 348
90 1 1076 302 180 348
91 1 1078 296 204 364
92 1 1082 304 204 364
93 1 1096 312 204 364
94 1 1120 318 204 364
95 1 1136 332 204 364
96 1 1136 332 204 364
97 1 1150 344 200 366
98 1 1150 344 200 366
99 1 1148 342 236 376
100 1 1148 342 236 376
101 1 1148 342 236 376
102 1 1152 342 236 376
103 1 1170 344 236 376
104 1 1170 344 236 376
105 1 1170 344 236 376
106 1 1170 344 236 376
107 1 1156 338 236 376
108 1 1156 338 236 376
109 1 1156 338 236 376
110 1 1156 338 236 376
111 1 1156 338 236 376
112 1 1138 338 236 376
113 1 1120 344 236 376
114 1 1120 344 236 376
115 1 1114 344 236 376
116 1 1114 344 236 376
117 1 1100 346 236 376
118 1 1100 346 236 376
119 1 1100 346 236 376
120 1 1100 346 236 376
121 1 1100 346 236 376
122 1 1100 346 236 376
123 1 1100 346 236 376
124 1 1100 352 236 376
125 1 1086 332 222 422
126 1 1076 334 268 424
127 1 1076 334 268 424
128 1 1076 334 268 424
129 1 1044 308 324 466
130 1 1044 308 324 466
131 1 1030 284 356 460
132 1 1020 284 356 460
133 1 1016 276 356 460
134 1 972 250 406 472
135 1 972 250 406 472
136 1 928 218 450 524
137 1 914 222 450 524
138 1 914 222 450 524
139 1 874 206 452 556
140 1 858 216 452 556
141 1 858 216 452 556
142 1 834 210 456 604
143 1 826 210 456 604
144 1 818 224 456 604
145 1 804 234 456 604
146 1 778 206 432 682
147 1 778 206 432 682
148 1 778 218 432 682
149 1 778 220 432 682
150 1 802 210 356 734
151 1 802 210 356 734
152 1 766 188 376 772
153 1 756 196 376 772
154 1 756 196 376 772
155 1 756 196 376 772
156 1 750 204 376 772
157 1 762 202 324 774
158 1 762 202 324 774
159 1 762 202 324 774
160 1 762 202 324 774
161 1 762 202 324 774
162 1 762 202 324 774
163 1 762 202 324 774
164 1 762 202 324 774
165 1 762 202 324 774
166 1 762 202 324 774
167 1 762 202 324 774
168 1 762 202 324 774
169 1 762 202 324 774
170 1 762 202 324 774
171 1 762 202 324 774
172 1 762 202 324 774
173 1 778 232 322 722
174 1 778 232 322 722
175 1 778 232 322 722
176 1 778 232 322 722
177 1 784 216 322 722
178 1 784 216 322 722
179 1 784 216 322 722
180 1 784 216 322 722
181 1 784 216 322 722
182 1 784 216 322 722
183 1 788 204 322 722
184 1 788 204 322 722
185 1 788 204 322 722
186 1 788 204 322 722
187 1 820 214 330 654
188 1 820 214 330 654
189 1 820 194 330 654
190 1 822 194 296 622
191 1 822 180 296 622
192 1 832 174 296 622
193 1 842 166 296 622
194 1 852 150 296 622
195 1 876 158 276 590
196 1 876 158 276 590
197 1 870 180 302 554
198 1 870 180 302 554
199 1 906 198 278 518
200 1 904 218 278 518
201 1 904 218 278 518
202 1 950 258 232 494
203 1 950 258 232 494
204 1 950 258 232 494
205 1 972 290 232 494
206 1 992 328 226 452
207 1 992 328 226 452
208 1 992 328 226 452
209 1 1004 332 226 452
210 1 1004 332 226 452
211 1 1004 332 226 452
212 1 1004 332 226 452
213 1 1004 332 226 452
214 1 1006 346 236 420
