0 0
1 0
2 0
3 0
4 0
5 0
6 0
7 0
8 0
9 0
10 0
11 0
12 0
13 0
14 0
15 0
16 0
17 0
18 0
19 0
20 0
21 0
22 0
23 0
24 0
25 0
26 0
27 0
28 0
29 0
30 0
31 0
32 0
33 0
34 0
35 0
36 0
37 0
38 0
39 0
40 0
41 0
42 0
43 0
44 0
45 0
46 0
47 0
48 0
49 0
50 0
51 0
52 0
53 0
54 0
55 0
56 0
57 0
58 0
59 0
60 0
61 0
62 0
63 0
64 0
65 0
66 0
67 0
68 0
69 0
70 0
71 0
72 0
73 0
74 0
75 0
76 0
77 0
78 0
79 0
80 1 994 348 174 172
81 1 972 340 174 172
82 1 964 312 174 172
83 1 956 284 174 172
84 1 944 260 174 172
85 1 934 236 174 172
86 1 918 230 174 172
87 1 912 218 174 172
88 1 912 218 174 172
89 1 898 192 190 196
90 1 898 192 190 196
91 1 898 192 190 196
92 1 896 198 190 196
93 1 896 198 190 196
94 1 890 198 190 196
95 1 890 198 190 196
96 1 888 202 190 196
97 1 888 202 190 196
98 1 886 222 190 196
99 1 886 222 190 196
100 1 904 242 190 196
101 1 904 270 210 196
102 1 904 270 210 196
103 1 920 296 210 196
104 1 920 296 210 196
105 1 930 320 210 196
106 1 930 326 222 210
107 1 942 334 222 210
108 1 950 334 222 210
109 1 946 354 248 212
110 1 952 370 248 212
111 1 952 370 248 212
112 1 964 380 248 212
113 1 964 380 248 212
114 1 956 398 248 212
115 1 956 398 248 212
116 1 954 410 248 212
117 1 954 410 248 212
118 1 962 430 248 212
119 1 962 430 248 212
120 1 962 430 248 212
121 1 962 430 248 212
122 1 962 430 248 212
123 1 962 430 248 212
124 1 962 430 248 212
125 1 978 396 232 258
126 1 960 392 278 244
127 1 968 378 278 244
128 1 958 356 296 266
129 1 958 356 296 266
130 1 958 356 296 266
131 1 958 356 296 266
132 1 964 348 296 266
133 1 966 342 296 266
134 1 966 326 304 290
135 1 964 322 304 290
136 1 954 314 304 290
137 1 954 314 304 290
138 1 910 312 360 298
139 1 910 312 360 298
140 1 910 322 360 298
141 1 902 334 360 298
142 1 902 334 360 298
143 1 902 346 360 298
144 1 902 346 360 298
145 1 902 360 360 298
146 1 902 360 360 298
147 1 902 360 360 298
148 1 894 358 358 320
149 1 894 358 358 320
150 1 894 358 358 320
151 1 882 366 358 320
152 1 882 366 358 320
153 1 880 384 358 320
154 1 880 384 358 320
155 1 880 384 358 320
156 1 880 384 358 320
157 1 880 384 358 320
158 1 888 358 358 320
159 1 888 358 358 320
160 1 888 358 358 320
161 1 888 358 358 320
162 1 888 358 358 320
163 1 900 334 358 320
164 1 900 334 358 320
165 1 900 334 358 320
166 1 900 334 358 320
167 1 900 334 358 320
168 1 900 334 358 320
169 1 900 334 358 320
170 1 900 334 358 320
171 1 856 332 358 320
172 1 886 342 320 296
173 1 900 354 310 274
174 1 900 354 310 274
175 1 900 354 310 274
176 1 908 368 310 274
177 1 908 368 310 274
178 1 946 392 282 246
179 1 948 404 282 246
180 1 950 408 282 246
181 1 950 408 282 246
182 1 964 410 282 246
183 1 964 410 282 246
184 1 982 418 282 246
185 1 982 418 282 246
186 1 992 422 260 232
187 1 992 422 260 232
188 1 992 422 260 232
189 1 982 418 260 232
190 1 982 418 260 232
191 1 978 418 260 232
192 1 978 418 260 232
193 1 994 406 234 228
194 1 994 406 234 228
195 1 994 406 234 228
196 1 994 406 234 228
197 1 994 406 234 228
198 1 1004 418 234 228
199 1 1004 418 234 228
200 1 1004 418 234 228
201 1 1004 418 234 228
202 1 994 410 234 228
203 1 994 410 234 228
204 1 994 410 234 228
205 1 994 410 234 228
206 1 994 410 234 228
207 1 994 410 234 228
208 1 994 410 234 228
209 1 994 410 234 228
210 1 994 410 234 228
211 1 994 410 234 228
212 1 994 410 234 228
213 1 994 410 234 228
214 1 994 410 234 228
215 1 994 410 234 228
216 1 976 420 228 196
217 1 976 420 228 196
218 1 976 420 228 196
219 1 950 404 228 196
220 1 950 404 228 196
221 1 950 378 228 196
222 1 950 378 228 196
223 1 944 360 228 196
224 1 944 360 228 196
225 1 944 360 228 196
226 1 918 352 228 196
227 1 918 352 228 196
228 1 902 344 228 196
229 1 904 342 212 192
230 1 904 342 212 192
231 1 880 340 212 192
232 1 848 342 212 192
233 1 848 342 212 192
234 1 814 352 212 192
235 1 788 362 212 192
236 1 768 382 212 192
237 1 740 390 212 192
238 0
239 0
240 0
241 0
