0 0
1 0
2 0
3 0
4 0
5 0
6 0
7 0
8 0
9 0
10 0
11 0
12 0
13 0
14 0
15 0
16 0
17 0
18 0
19 0
20 0
21 0
22 0
23 0
24 0
25 0
26 0
27 0
28 0
29 0
30 0
31 0
32 0
33 0
34 0
35 0
36 0
37 0
38 0
39 0
40 0
41 0
42 0
43 0
44 0
45 0
46 0
47 0
48 0
49 0
50 0
51 0
52 0
53 0
54 0
55 0
56 0
57 0
58 0
59 0
60 0
61 0
62 0
63 1 492 198 134 194
64 1 514 196 134 194
65 1 546 194 134 194
66 0
67 0
68 0
69 0
70 0
71 0
72 0
73 1 1032 208 128 202
74 1 1032 208 128 202
75 1 1016 196 128 202
76 1 984 190 146 214
77 1 958 196 146 214
78 1 932 206 146 214
79 1 916 202 146 214
80 1 906 218 146 214
81 1 898 240 168 228
82 1 886 258 168 228
83 1 876 274 168 228
84 1 878 282 168 228
85 1 882 308 168 228
86 1 894 320 168 228
87 1 898 350 168 228
88 1 904 368 168 228
89 1 906 382 168 228
90 1 906 382 168 228
91 1 908 400 168 228
92 1 912 392 178 252
93 1 922 394 178 252
94 1 920 414 178 252
95 1 908 424 202 244
96 1 926 438 202 244
97 1 948 446 202 244
98 1 964 454 202 244
99 1 984 470 202 244
100 1 992 496 202 244
101 1 1008 502 244 270
102 1 1010 526 244 270
103 1 1024 544 244 270
104 1 1024 544 244 270
105 1 1052 554 244 270
106 1 1070 588 244 270
107 1 1086 604 244 270
108 1 1104 628 244 270
109 1 1100 612 278 282
110 1 1108 628 278 282
111 1 1104 608 286 334
112 1 1104 608 286 334
113 1 1112 580 288 384
114 1 1112 580 288 384
115 1 1104 572 288 384
116 1 1072 540 334 412
117 1 1062 540 334 412
118 1 1012 534 386 408
119 1 996 532 386 408
120 1 976 478 386 454
121 1 944 460 386 454
122 1 922 438 386 454
123 1 874 390 410 490
124 1 860 372 410 490
125 1 828 352 410 490
126 1 794 284 430 554
127 1 776 286 430 554
128 1 750 278 430 554
129 1 750 278 430 554
130 1 750 278 430 554
131 1 750 278 430 554
132 1 750 278 430 554
133 1 750 278 430 554
134 1 750 278 430 554
135 1 750 278 430 554
136 1 750 278 430 554
137 1 750 278 430 554
138 1 750 278 430 554
139 1 750 278 430 554
140 1 746 224 410 612
141 1 766 248 376 580
142 1 770 268 376 580
143 1 782 236 392 650
144 1 794 248 424 698
145 1 808 246 446 744
146 1 866 246 446 794
147 1 900 242 452 818
148 1 958 230 384 844
149 1 958 230 384 844
150 1 958 230 384 844
151 1 950 228 384 844
152 1 930 232 384 844
153 1 874 214 436 858
154 1 874 214 436 858
155 1 850 196 436 858
156 1 762 178 548 744
157 1 756 136 548 744
158 1 726 92 564 736
159 1 726 92 564 736
160 1 746 96 482 672
161 1 746 96 482 672
162 1 790 120 440 614
163 1 790 120 440 614
164 1 790 120 440 614
165 1 796 146 434 590
166 1 796 146 434 590
167 1 836 156 382 584
