0 0
1 0
2 0
3 0
4 0
5 0
6 0
7 0
8 0
9 0
10 0
11 0
12 0
13 0
14 0
15 0
16 0
17 0
18 0
19 0
20 0
21 0
22 0
23 0
24 0
25 0
26 0
27 0
28 0
29 0
30 0
31 0
32 0
33 0
34 0
35 0
36 0
37 0
38 0
39 0
40 0
41 0
42 0
43 0
44 0
45 0
46 0
47 0
48 0
49 0
50 0
51 0
52 0
53 0
54 0
55 0
56 0
57 0
58 0
59 0
60 0
61 0
62 0
63 0
64 0
65 0
66 0
67 0
68 0
69 1 990 674 196 258
70 1 1008 636 196 258
71 1 1030 592 196 258
72 1 1028 542 196 258
73 1 1024 484 196 258
74 1 1022 434 196 258
75 1 1016 380 196 258
76 1 994 342 196 258
77 1 982 310 196 258
78 1 970 300 196 258
79 1 962 292 196 258
80 1 952 284 196 258
81 1 944 276 196 258
82 1 924 266 196 258
83 1 914 246 196 258
84 1 906 236 196 258
85 1 898 226 196 258
86 1 898 226 196 258
87 1 890 220 196 258
88 1 890 220 196 258
89 1 878 220 196 258
90 1 874 220 196 258
91 1 826 210 196 284
92 1 802 216 196 284
93 1 796 228 196 284
94 1 796 228 196 284
95 1 806 234 196 284
96 1 806 234 196 284
97 1 820 252 196 284
98 1 832 254 196 284
99 1 854 254 196 284
100 1 872 264 196 284
101 1 872 264 196 284
102 1 850 278 196 284
103 1 844 282 196 284
104 1 846 294 196 284
105 1 846 296 196 284
106 1 852 306 196 284
107 1 870 308 196 284
108 1 890 310 196 284
109 1 890 310 196 284
110 1 894 306 196 284
111 1 894 294 196 284
112 1 894 294 196 284
113 1 908 294 196 284
114 1 908 294 196 284
115 1 926 276 212 322
116 1 926 276 212 322
117 1 926 276 212 322
118 1 940 258 218 348
119 1 940 258 218 348
120 1 916 240 260 356
121 1 916 240 260 356
122 1 886 246 298 342
123 1 886 246 298 342
124 1 890 244 298 342
125 1 892 224 300 374
126 1 892 224 300 374
127 1 876 216 344 428
128 1 876 216 344 428
129 1 876 216 344 428
130 1 852 200 378 468
131 1 852 200 378 468
132 1 860 214 378 468
133 1 860 214 378 468
134 1 824 198 404 500
135 1 824 198 404 500
136 1 824 198 404 500
137 1 824 198 404 500
138 1 832 178 390 572
139 1 832 178 390 572
140 1 832 178 390 572
141 1 870 214 348 534
142 1 870 214 348 534
143 1 884 200 348 534
144 1 864 188 348 534
145 1 848 192 348 534
146 1 840 218 306 512
147 1 840 218 306 512
148 1 850 232 306 512
149 1 900 258 278 472
150 1 900 258 278 472
151 1 900 258 278 472
152 1 900 258 278 472
153 1 906 264 278 472
154 1 906 264 278 472
155 1 906 264 278 472
156 1 918 264 278 472
157 1 918 264 278 472
158 1 922 248 278 472
159 1 922 248 278 472
160 1 924 238 278 472
161 1 924 238 278 472
162 1 932 224 278 472
163 1 932 224 278 472
164 1 920 234 282 422
165 1 920 246 282 422
166 1 920 246 282 422
167 1 920 246 282 422
168 1 918 270 268 380
169 1 918 288 268 380
170 1 918 288 268 380
171 1 930 326 268 380
172 1 926 374 242 346
173 1 924 406 242 346
174 1 930 424 236 312
175 1 930 424 236 312
176 1 930 424 236 312
177 1 930 424 236 312
178 1 930 424 236 312
179 1 930 424 236 312
180 1 930 424 236 312
181 1 922 424 236 312
182 1 922 424 236 312
183 1 910 412 236 312
184 1 910 412 236 312
185 1 890 394 236 312
186 1 890 394 236 312
187 1 886 378 236 312
188 1 886 364 236 312
189 1 886 364 236 312
190 1 890 348 236 312
191 1 890 348 236 312
192 1 876 346 236 312
193 1 876 346 236 312
194 1 850 338 236 312
195 1 850 338 236 312
196 1 850 338 236 312
197 1 850 338 236 312
198 1 830 316 236 312
199 1 830 316 236 312
200 1 830 316 236 312
201 1 814 318 236 312
202 1 796 322 236 312
203 1 772 326 236 312
204 1 752 332 236 312
205 1 736 336 236 312
206 1 736 336 236 312
207 1 718 346 236 312
208 1 718 346 236 312
209 1 690 366 236 312
210 1 652 386 272 314
211 1 602 398 272 314
212 1 568 426 272 314
213 0
214 0
215 0
216 0
217 0
218 0
219 0
220 0
221 0
222 0
223 0
224 0
225 0
226 0
227 0
228 0
229 0
230 0
231 0
232 0
233 0
234 0
235 0
236 0
237 0
238 0
239 0
240 0
241 0
242 0
243 0
244 0
245 0
246 0
247 0
248 0
249 0
250 0
251 0
252 0
253 0
254 0
255 0
256 0
