0 0
1 0
2 0
3 0
4 0
5 0
6 0
7 0
8 0
9 0
10 0
11 0
12 0
13 0
14 1 686 394 216 306
15 1 704 408 216 306
16 1 704 408 216 306
17 1 720 426 216 306
18 1 722 436 216 306
19 1 734 440 216 306
20 1 734 440 216 306
21 1 744 452 216 306
22 1 756 458 216 306
23 1 766 458 206 338
24 1 774 466 206 338
25 1 772 482 206 338
26 1 786 496 206 338
27 1 784 506 206 338
28 1 784 512 206 362
29 1 780 530 206 362
30 1 788 532 206 362
31 1 798 522 206 362
32 1 792 518 226 366
33 1 796 532 226 366
34 1 796 532 226 366
35 1 806 528 226 366
36 1 806 528 226 366
37 1 818 522 226 366
38 1 826 510 260 364
39 1 830 512 260 364
40 1 842 512 260 364
41 1 858 504 260 364
42 1 882 504 260 364
43 1 896 484 270 384
44 1 910 492 270 384
45 1 914 494 270 384
46 1 930 496 278 430
47 1 948 510 278 430
48 1 956 540 278 430
49 1 954 560 304 358
50 1 960 578 322 428
51 1 954 586 322 428
52 1 950 604 322 428
53 1 950 604 322 428
54 1 952 606 330 418
55 1 952 606 330 418
56 1 952 606 330 418
57 1 940 608 330 418
58 1 940 608 330 418
59 1 924 604 330 418
60 1 890 570 352 416
61 1 890 570 352 416
62 1 882 556 352 416
63 1 894 538 352 416
64 1 904 518 376 448
65 1 908 510 376 448
66 1 912 478 406 490
67 1 912 470 406 490
68 1 934 422 394 532
69 1 934 422 394 532
70 1 944 404 416 506
71 1 950 394 416 506
72 1 970 382 416 506
73 1 962 368 486 562
74 1 980 368 486 562
75 1 1010 370 486 562
76 1 1006 314 554 614
77 1 978 282 632 614
78 1 1000 276 632 614
79 1 946 208 734 696
80 1 960 196 734 696
81 1 972 106 732 820
82 1 930 82 802 856
83 1 936 82 802 856
84 1 924 94 802 856
85 1 914 64 806 898
86 1 862 38 852 932
87 1 862 38 852 932
88 1 862 38 852 932
89 1 852 22 852 932
90 1 852 22 852 932
91 1 804 34 852 932
92 1 804 34 852 932
93 1 784 50 852 932
94 1 810 10 678 1016
95 1 802 10 678 1016
96 1 786 8 678 1016
97 1 786 8 678 1016
98 1 754 8 678 1016
99 1 754 8 678 1016
100 1 754 8 678 1016
101 1 754 8 678 1016
102 1 754 8 678 1016
103 1 754 8 678 1016
104 1 762 34 678 1016
105 1 758 64 678 1016
106 1 780 86 618 992
107 1 780 86 618 992
108 1 820 90 618 990
109 1 822 78 618 990
110 1 822 78 618 990
111 1 962 122 432 952
112 1 962 122 432 952
113 1 962 122 432 952
114 1 962 122 432 952
115 1 962 122 432 952
116 1 962 122 432 952
117 1 962 122 432 952
118 1 962 122 432 952
119 1 944 126 432 952
120 1 944 126 432 952
121 1 906 126 432 952
122 1 906 126 432 952
123 1 906 126 432 952
124 1 906 126 432 952
125 1 872 194 472 880
126 1 848 198 472 880
127 1 810 194 472 880
128 1 810 194 472 880
129 1 756 190 472 880
130 1 654 206 586 864
131 1 654 206 586 864
132 1 574 204 586 864
133 1 484 394 758 682
134 1 484 394 758 682
135 1 430 540 784 530
136 1 430 540 784 530
137 1 430 540 784 530
138 1 382 560 850 512
139 1 382 560 850 512
140 1 382 560 850 512
141 1 382 560 850 512
142 1 382 560 850 512
143 1 382 560 850 512
144 1 414 530 850 512
145 1 436 490 850 512
146 1 470 454 850 512
147 0
148 0
149 0
150 0
151 1 908 24 718 872
152 1 944 4 718 868
153 0
154 0
155 1 994 2 696 768
156 1 964 2 696 768
157 1 920 2 696 768
158 1 920 2 696 768
159 1 920 2 696 768
160 1 920 2 696 768
161 1 954 10 550 752
162 1 954 10 550 752
163 1 922 24 550 752
164 1 922 24 550 752
165 1 926 92 538 674
166 1 926 92 538 674
167 1 890 116 538 674
168 1 944 144 422 640
