0 0
1 0
2 0
3 0
4 0
5 0
6 0
7 0
8 0
9 0
10 0
11 0
12 0
13 0
14 0
15 0
16 0
17 0
18 0
19 0
20 0
21 0
22 0
23 0
24 0
25 0
26 0
27 0
28 0
29 0
30 0
31 0
32 0
33 0
34 0
35 0
36 0
37 0
38 0
39 0
40 0
41 0
42 0
43 0
44 0
45 0
46 0
47 0
48 0
49 0
50 0
51 0
52 0
53 0
54 0
55 0
56 0
57 0
58 0
59 0
60 0
61 0
62 0
63 0
64 0
65 0
66 0
67 0
68 0
69 0
70 0
71 0
72 0
73 0
74 0
75 0
76 0
77 0
78 0
79 0
80 0
81 0
82 0
83 0
84 0
85 0
86 0
87 0
88 0
89 0
90 0
91 0
92 0
93 0
94 0
95 0
96 0
97 0
98 0
99 0
100 0
101 0
102 0
103 0
104 0
105 0
106 0
107 0
108 0
109 0
110 0
111 0
112 0
113 0
114 0
115 0
116 0
117 0
118 0
119 0
120 0
121 0
122 0
123 0
124 0
125 0
126 0
127 0
128 0
129 0
130 0
131 0
132 0
133 0
134 0
135 0
136 0
137 0
138 0
139 0
140 0
141 0
142 0
143 0
144 0
145 0
146 0
147 0
148 0
149 0
150 0
151 0
152 0
153 0
154 0
155 0
156 0
157 0
158 0
159 0
160 0
161 0
162 0
163 0
164 0
165 1 882 388 148 190
166 1 902 404 148 190
167 1 928 414 148 190
168 1 942 416 148 190
169 1 966 412 142 218
170 1 980 416 142 218
171 1 980 416 142 218
172 1 980 416 142 218
173 1 998 422 142 218
174 1 1024 436 142 218
175 0
176 0
177 0
178 0
179 0
180 0
181 0
182 1 1028 434 188 276
183 1 1028 434 188 276
184 1 1018 420 188 276
185 1 1010 400 196 300
186 1 1002 382 196 300
187 1 1006 368 196 300
188 1 1010 356 196 300
189 1 1012 336 196 300
190 1 1012 330 196 300
191 1 996 304 222 310
192 1 992 298 222 310
193 1 992 298 222 310
194 1 992 276 256 374
195 1 984 250 286 382
196 1 974 198 302 432
197 1 930 180 356 436
198 1 898 180 356 436
199 1 828 180 424 468
200 1 808 184 424 468
201 1 784 184 424 468
202 1 748 200 448 436
203 1 748 200 448 436
204 1 730 198 448 436
205 1 730 198 448 436
206 1 730 198 448 436
207 1 730 198 448 436
208 1 730 198 448 436
209 1 730 198 448 436
210 1 734 180 448 436
211 1 734 180 448 436
212 1 760 172 448 436
213 1 760 172 448 436
214 1 782 172 448 436
215 1 782 172 448 436
216 1 782 172 448 436
217 1 790 182 448 436
218 1 848 230 370 424
219 1 848 230 370 424
220 1 846 262 370 424
221 1 846 282 370 424
222 1 830 312 338 382
223 1 830 334 338 382
224 1 834 352 338 382
225 1 834 352 338 382
226 1 834 352 338 382
227 1 870 354 292 372
228 1 870 334 292 372
229 1 878 310 292 372
230 1 870 284 292 372
231 1 868 266 292 372
232 1 868 266 292 372
233 1 868 266 292 372
234 1 906 270 256 350
235 1 906 270 256 350
236 1 906 270 256 350
237 1 914 260 256 350
238 1 914 260 256 350
239 1 914 260 256 350
240 1 914 260 256 350
241 1 914 260 256 350
242 1 924 258 256 350
243 1 954 294 210 320
244 1 954 294 210 320
245 1 960 312 210 320
246 1 960 312 210 320
247 1 972 320 210 320
248 1 972 320 210 320
249 1 972 320 210 320
250 1 972 320 210 320
251 1 950 324 210 320
252 1 950 324 210 320
253 1 940 342 210 320
254 1 920 390 194 280
255 1 922 424 194 280
