0 0
1 0
2 0
3 0
4 0
5 0
6 0
7 0
8 0
9 0
10 0
11 0
12 0
13 0
14 0
15 0
16 0
17 0
18 0
19 0
20 0
21 0
22 0
23 0
24 0
25 0
26 0
27 0
28 0
29 0
30 0
31 0
32 0
33 0
34 0
35 0
36 0
37 0
38 0
39 0
40 0
41 0
42 0
43 0
44 0
45 0
46 0
47 0
48 0
49 0
50 0
51 0
52 0
53 0
54 0
55 0
56 0
57 0
58 0
59 0
60 0
61 0
62 0
63 0
64 0
65 0
66 0
67 0
68 0
69 0
70 0
71 0
72 0
73 0
74 0
75 0
76 0
77 0
78 0
79 0
80 0
81 0
82 0
83 0
84 0
85 0
86 0
87 0
88 0
89 0
90 0
91 0
92 0
93 0
94 0
95 0
96 0
97 0
98 0
99 0
100 0
101 0
102 0
103 0
104 0
105 0
106 0
107 0
108 0
109 0
110 0
111 0
112 0
113 0
114 0
115 0
116 0
117 0
118 0
119 0
120 0
121 0
122 0
123 0
124 0
125 0
126 0
127 0
128 0
129 0
130 0
131 0
132 0
133 0
134 0
135 0
136 1 182 290 248 288
137 1 218 282 248 288
138 1 240 270 254 304
139 1 264 250 254 304
140 1 278 234 254 304
141 1 302 220 254 304
142 1 324 188 266 338
143 1 356 206 266 338
144 1 414 216 266 338
145 1 456 252 266 338
146 1 524 282 246 334
147 1 580 312 246 334
148 1 620 348 246 334
149 1 680 374 228 312
150 1 718 388 228 312
151 1 788 402 228 312
152 1 850 412 230 342
153 1 908 442 222 346
154 1 948 480 222 346
155 1 992 504 222 346
156 1 1012 546 222 346
157 1 1018 588 222 346
158 1 1028 632 222 346
159 1 1026 656 222 346
160 1 990 666 260 368
161 1 974 682 260 368
162 1 964 700 238 350
163 1 950 706 238 350
164 1 950 694 238 350
165 1 944 676 238 350
166 1 932 672 238 350
167 1 926 670 238 350
168 1 906 662 270 370
169 1 902 668 270 370
170 1 902 668 270 370
171 1 902 668 270 370
172 1 906 654 284 382
173 1 924 654 284 382
174 1 918 620 322 424
175 1 918 610 322 424
176 1 948 590 322 424
177 1 984 584 322 424
178 1 996 576 322 424
179 1 1002 550 354 484
180 1 1002 550 354 484
181 1 1030 550 354 484
182 1 1052 550 354 484
183 1 1072 554 354 484
184 1 1084 552 354 484
185 1 1068 566 404 424
186 1 1080 566 404 424
187 1 1088 584 404 424
188 1 1092 556 426 502
189 1 1090 570 426 502
190 1 1022 598 502 478
191 1 1022 598 502 478
192 1 974 600 502 478
193 1 946 650 522 424
194 1 940 668 470 412
195 1 936 686 430 388
196 1 922 686 430 388
197 1 900 690 430 388
198 1 872 716 426 358
199 1 872 716 426 358
200 1 872 716 426 358
201 1 832 716 426 358
202 1 824 716 426 358
203 1 784 720 426 358
204 1 764 716 426 358
205 1 742 706 426 358
206 1 740 690 440 384
207 1 740 690 440 384
208 1 740 690 440 384
209 1 698 692 440 384
210 1 698 692 440 384
211 1 698 692 440 384
212 1 698 692 440 384
213 1 702 736 416 340
214 1 702 736 416 340
215 1 696 758 420 318
216 1 696 758 420 318
217 1 712 788 410 286
218 1 730 792 410 286
219 1 742 792 410 286
220 1 756 792 410 286
221 1 756 792 410 286
222 1 756 792 410 286
223 1 756 792 410 286
224 1 756 792 410 286
225 1 746 816 430 260
226 1 746 816 430 260
227 1 746 816 430 260
228 1 746 804 430 260
229 1 750 778 428 298
230 1 750 778 428 298
231 1 750 778 428 298
232 1 750 778 428 298
233 1 750 778 428 298
234 1 716 792 424 282
235 1 736 826 368 250
236 1 736 826 368 250
237 1 728 828 338 244
238 1 710 818 338 244
239 1 664 802 414 264
240 1 652 776 444 298
241 1 652 776 444 298
242 1 652 776 444 298
243 1 620 756 500 322
244 1 618 746 500 322
245 1 610 732 524 328
246 1 608 732 524 328
247 1 594 714 474 366
248 1 584 714 474 366
249 1 524 710 474 366
250 1 462 712 474 366
251 0
252 0
253 0
254 0
255 0
256 0
257 0
258 0
259 0
260 0
261 0
262 0
263 0
264 0
265 0
266 0
267 0
268 0
269 0
270 0
271 0
272 0
273 0
274 0
275 0
276 1 724 768 402 304
277 1 692 728 440 348
278 1 692 728 440 348
279 1 692 728 440 348
280 1 694 724 440 348
281 1 694 724 440 348
282 1 694 718 440 348
283 1 694 718 440 348
284 1 694 718 440 348
285 1 694 718 440 348
286 1 694 718 440 348
287 1 694 718 440 348
288 1 694 718 440 348
289 1 694 718 440 348
290 1 692 728 440 348
291 1 692 728 440 348
292 1 716 742 440 334
293 1 716 742 440 334
294 1 716 742 440 334
295 1 734 780 438 296
296 1 730 798 446 276
297 1 766 820 418 254
298 1 766 820 418 254
299 0
300 0
301 0
302 0
303 0
304 0
305 0
306 0
307 0
308 0
309 0
310 0
311 0
312 0
313 1 1034 746 372 308
314 0
315 0
316 0
317 0
318 0
319 0
320 0
321 0
322 0
323 0
324 0
325 0
326 0
327 0
328 0
329 0
330 0
331 0
332 0
333 0
334 0
335 0
336 0
337 0
338 0
339 0
340 0
341 0
342 0
343 0
344 0
345 0
346 0
347 0
348 0
349 0
350 0
351 0
352 0
353 0
354 0
355 0
356 0
357 0
358 0
359 0
360 0
361 0
362 0
363 0
364 0
365 0
366 0
367 0
368 0
369 0
370 0
371 0
372 0
373 0
374 0
375 0
376 0
