0 0
1 0
2 0
3 0
4 0
5 0
6 0
7 0
8 0
9 0
10 0
11 0
12 0
13 0
14 0
15 0
16 0
17 0
18 0
19 0
20 0
21 0
22 0
23 0
24 0
25 0
26 0
27 0
28 0
29 0
30 0
31 0
32 0
33 0
34 0
35 0
36 0
37 0
38 0
39 0
40 0
41 0
42 0
43 0
44 0
45 0
46 0
47 0
48 0
49 0
50 0
51 0
52 0
53 0
54 0
55 0
56 0
57 0
58 0
59 0
60 0
61 0
62 0
63 0
64 0
65 0
66 0
67 0
68 0
69 0
70 0
71 0
72 1 1030 228 114 226
73 1 1038 228 114 226
74 1 1042 220 126 234
75 1 1044 226 126 234
76 1 1044 226 126 234
77 1 1034 216 146 254
78 1 1034 216 146 254
79 1 1030 232 146 254
80 1 1028 242 146 254
81 1 1036 256 146 254
82 1 1042 258 150 284
83 1 1050 272 150 284
84 1 1052 274 160 280
85 1 1060 286 160 280
86 1 1062 288 168 290
87 1 1072 310 168 290
88 1 1076 306 184 294
89 1 1092 312 184 294
90 1 1092 312 184 294
91 1 1098 306 184 294
92 1 1102 316 188 296
93 1 1102 316 188 296
94 1 1108 318 196 290
95 1 1112 322 196 290
96 1 1114 328 196 290
97 1 1102 326 212 296
98 1 1096 330 212 296
99 1 1090 348 212 296
100 1 1074 348 216 312
101 1 1076 352 204 308
102 1 1060 356 216 288
103 1 1052 360 216 288
104 1 1038 368 216 288
105 1 1016 354 232 310
106 1 1004 354 232 310
107 1 992 354 232 310
108 1 972 352 230 302
109 1 964 358 230 302
110 1 952 370 230 302
111 1 946 372 230 302
112 1 940 374 230 302
113 1 940 382 230 302
114 1 946 396 230 302
115 1 946 390 246 328
116 1 952 418 246 328
117 1 956 442 246 328
118 1 970 474 246 328
119 1 980 486 258 346
120 1 988 518 258 346
121 1 986 544 258 346
122 1 992 558 258 346
123 1 1022 550 276 408
124 1 1018 572 276 408
125 1 1018 584 276 408
126 1 1022 604 276 408
127 1 1030 624 276 408
128 1 1030 624 276 408
129 1 1030 624 276 408
130 1 1016 628 276 408
131 1 1016 628 276 408
132 1 1016 628 276 408
133 1 1004 628 276 408
134 1 1004 628 276 408
135 1 1004 628 276 408
136 1 988 630 276 408
137 1 988 630 276 408
138 1 960 642 302 384
139 1 960 642 302 384
140 1 958 610 302 384
141 1 952 596 302 384
142 1 924 568 366 388
143 1 910 562 366 388
144 1 892 552 432 364
145 1 860 526 486 398
146 1 852 516 506 420
147 1 828 502 568 434
148 1 802 512 636 448
149 1 758 520 636 448
150 1 760 548 690 460
151 1 752 574 710 448
152 1 710 586 706 468
153 1 708 606 706 468
154 1 708 606 706 468
155 1 680 614 706 466
156 1 614 580 778 494
157 1 602 638 776 436
158 1 624 642 776 436
159 1 604 642 776 436
160 1 604 642 776 436
161 1 598 640 776 436
162 1 594 632 776 436
163 1 588 590 808 486
164 1 588 590 808 486
165 1 588 590 808 486
166 1 588 590 808 486
167 1 588 590 808 486
168 1 588 590 808 486
169 1 588 590 808 486
170 1 620 590 808 486
171 1 620 590 808 486
172 1 624 628 792 446
173 1 624 628 792 446
174 1 624 628 792 446
175 1 624 628 792 446
176 1 624 628 792 446
177 1 618 630 792 446
178 1 604 646 844 426
179 1 620 644 844 426
180 1 644 628 842 448
181 1 680 498 858 578
182 1 716 484 858 578
183 1 750 404 868 628
184 1 752 344 868 628
185 1 804 266 734 638
186 1 804 266 734 638
187 1 888 252 566 550
188 1 918 266 474 496
189 1 948 290 400 464
190 1 948 314 400 464
191 1 988 368 306 410
192 1 996 400 306 410
193 1 1004 432 306 410
194 1 1006 458 306 410
195 1 1012 486 306 410
196 1 1012 486 306 410
197 1 1012 486 306 410
198 1 1010 530 306 410
199 1 1010 530 306 410
200 1 1010 530 306 410
201 1 1010 530 306 410
202 1 1010 530 306 410
