0 0
1 0
2 0
3 0
4 0
5 0
6 0
7 0
8 0
9 0
10 0
11 0
12 0
13 0
14 0
15 0
16 0
17 0
18 0
19 0
20 0
21 0
22 0
23 0
24 0
25 0
26 0
27 0
28 0
29 0
30 0
31 0
32 0
33 0
34 0
35 0
36 0
37 0
38 0
39 0
40 0
41 0
42 0
43 0
44 0
45 0
46 0
47 0
48 0
49 1 1404 558 134 254
50 1 1412 556 164 266
51 1 1442 568 164 266
52 1 1450 564 184 288
53 1 1460 566 184 288
54 1 1474 586 184 288
55 1 1464 600 210 284
56 1 1464 600 210 284
57 1 1432 600 210 284
58 1 1390 602 210 284
59 1 1346 582 210 284
60 1 1310 556 200 302
61 1 1268 548 200 302
62 1 1230 544 200 302
63 1 1206 542 200 302
64 1 1176 540 200 302
65 1 1154 530 200 302
66 1 1142 512 190 286
67 1 1132 512 190 286
68 1 1132 512 190 286
69 1 1114 508 190 286
70 1 1084 490 190 286
71 1 1074 482 190 286
72 1 1048 480 192 262
73 1 1048 480 192 262
74 1 1014 474 198 272
75 1 1014 480 198 272
76 1 998 474 198 272
77 1 986 468 198 272
78 1 972 464 198 272
79 1 966 462 198 272
80 1 966 462 198 272
81 1 966 462 198 272
82 1 966 462 198 272
83 1 966 462 198 272
84 1 976 462 198 272
85 1 992 460 198 272
86 1 1020 464 198 272
87 1 1044 466 198 272
88 1 1044 466 198 272
89 1 1042 484 198 272
90 1 1042 488 198 272
91 1 1042 488 198 272
92 1 1042 496 198 272
93 1 1044 508 198 272
94 1 1044 508 198 272
95 1 1044 508 198 272
96 1 1044 508 198 272
97 1 1044 508 198 272
98 1 1044 508 198 272
99 1 1038 520 198 272
100 1 1038 520 198 272
101 1 1038 520 198 272
102 1 1038 534 198 272
103 1 1038 544 198 272
104 1 1022 556 230 294
105 1 1022 556 230 294
106 1 1022 566 230 294
107 1 1022 566 230 294
108 1 1022 552 220 306
109 1 1022 552 220 306
110 1 1022 552 220 306
111 1 1022 552 220 306
112 1 1030 574 220 306
113 1 1030 574 220 306
114 1 1042 576 220 306
115 1 1042 576 220 306
116 1 1042 576 220 306
117 1 1038 558 220 306
118 1 1038 558 220 306
119 1 1054 554 220 328
120 1 1054 560 220 328
121 1 1046 574 220 328
122 1 1038 584 220 328
123 1 1038 584 220 328
124 1 1036 606 220 328
125 1 1036 606 220 328
126 1 1024 606 220 328
127 1 984 592 294 344
128 1 984 592 294 344
129 1 958 568 308 376
130 1 958 568 308 376
131 1 918 528 360 426
132 1 918 528 360 426
133 1 880 520 398 474
134 1 880 520 398 474
135 1 878 526 398 474
136 1 854 514 402 524
137 1 850 524 402 524
138 1 854 536 402 524
139 1 830 552 402 522
140 1 830 552 402 522
141 1 828 560 420 514
142 1 828 560 420 514
143 1 828 560 420 514
144 1 828 560 420 514
145 1 824 548 420 514
146 1 824 548 420 514
147 1 824 548 420 514
148 1 794 524 434 550
149 1 794 524 434 550
150 1 794 524 434 550
151 1 794 524 434 550
152 1 794 518 434 550
153 1 766 494 452 584
154 1 766 494 452 584
155 1 766 494 452 584
156 1 776 478 452 584
157 1 776 478 452 584
158 1 776 478 452 584
159 1 812 514 452 560
160 1 780 552 516 526
161 1 780 552 516 526
162 1 780 552 516 526
163 1 780 552 516 526
164 1 780 552 516 526
165 1 780 552 516 526
166 1 780 552 516 526
167 1 780 552 516 526
168 1 780 552 516 526
169 1 780 552 516 526
170 1 780 552 516 526
171 1 780 552 516 526
172 1 780 552 516 526
