0 0
1 0
2 0
3 0
4 0
5 0
6 0
7 0
8 0
9 0
10 0
11 0
12 0
13 0
14 0
15 0
16 0
17 0
18 0
19 0
20 0
21 0
22 0
23 0
24 0
25 0
26 0
27 0
28 0
29 0
30 0
31 0
32 0
33 0
34 0
35 0
36 0
37 0
38 0
39 0
40 0
41 0
42 0
43 0
44 0
45 0
46 0
47 0
48 0
49 0
50 0
51 0
52 0
53 0
54 0
55 0
56 0
57 0
58 0
59 0
60 0
61 0
62 0
63 0
64 0
65 0
66 0
67 0
68 0
69 0
70 0
71 0
72 0
73 0
74 1 1000 210 88 144
75 1 980 212 88 144
76 1 958 216 88 144
77 1 932 212 88 144
78 1 914 208 88 144
79 1 892 212 88 144
80 1 884 220 88 144
81 1 882 238 88 144
82 1 882 238 88 144
83 1 902 252 88 144
84 1 930 252 88 144
85 1 958 228 88 144
86 1 978 212 98 160
87 1 978 212 98 160
88 1 992 212 98 160
89 1 986 224 98 160
90 1 984 230 98 160
91 1 974 240 98 160
92 1 960 240 98 160
93 1 938 242 98 160
94 1 926 234 98 160
95 1 918 234 98 160
96 1 906 236 98 160
97 1 882 230 122 180
98 1 868 228 122 180
99 1 864 228 122 180
100 1 858 226 122 180
101 1 840 232 122 180
102 1 840 232 122 180
103 1 840 232 122 180
104 1 840 232 122 180
105 1 842 252 122 180
106 1 840 244 136 206
107 1 840 244 136 206
108 1 844 270 136 206
109 1 846 298 136 206
110 1 846 304 136 206
111 1 846 310 136 206
112 1 852 328 136 206
113 1 854 336 136 206
114 1 854 348 136 206
115 1 858 354 136 206
116 1 858 366 136 206
117 1 858 388 136 206
118 1 862 390 136 206
119 1 868 394 136 206
120 1 868 404 136 206
121 1 870 410 136 206
122 1 854 422 136 206
123 1 852 430 140 226
124 1 842 440 140 226
125 1 830 458 140 226
126 1 824 466 140 226
127 1 822 482 140 226
128 1 822 482 140 226
129 1 830 464 144 234
130 1 830 464 144 234
131 1 840 444 144 234
132 1 840 444 144 234
133 1 842 450 162 232
134 1 842 450 162 232
135 1 860 460 162 232
136 1 864 468 162 232
137 1 874 488 162 232
138 1 890 510 162 232
139 1 898 532 162 232
140 1 892 534 206 266
141 1 918 574 206 266
142 1 930 612 206 266
143 1 944 646 206 266
144 1 964 672 206 266
145 1 974 716 206 266
146 1 994 758 206 266
147 1 1004 784 206 266
148 1 1000 772 250 282
149 1 1000 772 250 282
150 1 1018 762 250 282
151 1 1018 762 250 282
152 1 1022 766 250 282
153 1 1022 766 250 282
154 1 1022 766 250 282
155 1 1022 766 250 282
156 1 1022 766 250 282
157 1 1004 744 250 282
158 1 1004 744 250 282
159 1 996 720 250 282
160 1 994 670 250 342
161 1 994 670 250 342
162 1 994 670 250 342
163 1 976 644 272 384
164 1 976 644 272 384
165 1 946 616 314 402
166 1 946 616 314 402
167 1 910 574 378 422
168 1 910 574 378 422
169 1 898 528 412 442
170 1 898 528 412 442
171 1 882 490 452 436
172 1 876 462 452 436
173 1 888 396 436 498
174 1 878 356 436 498
175 1 862 328 436 498
176 1 814 286 496 530
177 1 820 256 496 530
178 1 812 246 496 530
179 1 810 204 440 578
180 1 792 188 440 578
181 1 774 182 440 578
182 1 754 182 440 578
183 1 750 170 440 578
184 1 750 170 440 578
185 1 750 170 440 578
186 1 750 170 440 578
187 1 754 160 440 578
188 1 782 154 384 570
189 1 782 154 384 570
190 1 782 154 384 570
191 1 782 154 384 570
192 1 782 154 384 570
193 1 778 188 384 570
194 1 778 188 384 570
195 1 778 188 384 570
196 1 778 188 384 570
197 1 784 208 384 570
198 1 784 208 384 570
199 1 788 220 384 570
200 1 788 220 384 570
201 1 788 220 384 570
202 1 788 220 384 570
203 1 778 204 396 554
204 1 752 202 448 548
205 1 752 202 448 548
206 1 766 186 452 548
207 1 766 186 452 548
208 1 802 168 452 548
209 1 802 168 452 548
210 1 802 168 452 548
211 1 802 168 452 548
212 1 802 168 452 548
213 1 836 182 398 504
214 1 836 182 398 504
215 1 836 182 398 504
216 1 836 182 398 504
217 1 836 182 398 504
218 1 874 170 332 476
219 1 876 178 332 476
220 1 876 178 332 476
221 1 876 178 332 476
222 1 922 212 300 436
223 1 928 232 300 436
224 1 934 264 300 436
225 1 960 312 256 414
226 1 968 348 256 414
227 1 970 360 256 414
228 1 976 392 256 414
229 1 978 408 256 414
230 1 980 422 256 414
231 1 980 422 256 414
232 1 980 422 256 414
