0 0
1 0
2 0
3 0
4 0
5 0
6 0
7 0
8 0
9 0
10 0
11 0
12 0
13 0
14 0
15 0
16 0
17 0
18 0
19 0
20 0
21 0
22 0
23 0
24 0
25 0
26 0
27 0
28 0
29 0
30 0
31 0
32 0
33 0
34 0
35 0
36 0
37 0
38 0
39 0
40 0
41 0
42 0
43 0
44 0
45 0
46 0
47 0
48 0
49 0
50 0
51 0
52 0
53 0
54 0
55 0
56 0
57 1 654 390 220 340
58 1 672 396 220 340
59 1 686 404 220 340
60 1 728 392 196 386
61 1 732 406 222 362
62 1 742 432 222 362
63 1 760 446 222 362
64 1 778 448 222 362
65 1 778 448 222 362
66 1 788 454 222 362
67 1 794 466 232 368
68 1 798 466 232 368
69 1 806 474 232 368
70 1 812 486 232 368
71 1 822 496 232 368
72 1 828 496 234 370
73 1 832 504 234 370
74 1 832 526 270 360
75 1 830 536 270 360
76 1 842 556 270 360
77 1 846 570 270 360
78 1 846 580 270 360
79 1 854 576 270 360
80 1 854 576 270 360
81 1 872 584 270 360
82 1 886 586 270 360
83 1 886 586 270 360
84 1 894 590 270 360
85 1 894 590 298 372
86 1 894 590 298 372
87 1 894 582 298 372
88 1 906 576 298 372
89 1 906 576 298 372
90 1 906 576 298 372
91 1 906 576 298 372
92 1 906 576 298 372
93 1 906 576 298 372
94 1 906 576 298 372
95 1 906 560 298 372
96 1 906 560 298 372
97 1 906 560 298 372
98 1 906 560 298 372
99 1 906 560 298 372
100 1 910 568 298 372
101 1 910 568 298 372
102 1 910 568 298 372
103 1 910 568 298 372
104 1 910 568 298 372
105 1 924 546 266 418
106 1 924 546 266 418
107 1 936 530 266 418
108 1 936 530 266 418
109 1 938 506 266 418
110 1 940 490 280 426
111 1 940 490 280 426
112 1 934 482 280 426
113 1 942 450 280 426
114 1 942 450 280 426
115 1 942 450 280 426
116 1 942 450 280 426
117 1 942 450 280 426
118 1 956 446 280 426
119 1 956 446 280 426
120 1 954 442 300 452
121 1 954 430 300 452
122 1 954 430 300 452
123 1 962 400 312 472
124 1 960 394 312 472
125 1 954 368 312 472
126 1 962 360 312 472
127 1 970 348 312 472
128 1 960 330 342 494
129 1 966 326 342 494
130 1 972 318 342 494
131 1 972 318 342 494
132 1 986 302 346 502
133 1 986 302 346 502
134 1 986 302 346 502
135 1 994 292 346 502
136 1 986 270 350 534
137 1 986 270 350 534
138 1 986 270 350 534
139 1 986 254 350 534
140 1 978 248 350 534
141 1 976 216 368 568
142 1 976 216 368 568
143 1 976 212 368 568
144 1 982 180 348 604
145 1 982 180 348 604
146 1 982 180 348 604
147 1 982 180 348 604
148 1 982 180 348 604
149 1 972 168 340 640
150 1 972 168 340 640
151 1 972 168 340 640
152 1 950 166 434 664
153 1 950 166 434 664
154 1 950 166 434 664
155 1 930 156 434 664
156 1 930 146 434 664
157 1 930 146 434 664
158 1 930 146 434 664
159 1 930 146 434 664
160 1 930 146 434 664
161 1 930 146 434 664
162 1 930 146 434 664
163 1 930 146 434 664
164 1 930 146 434 664
165 1 918 136 434 664
166 1 918 136 434 664
167 1 918 136 434 664
168 1 918 126 434 664
169 1 918 126 434 664
170 1 922 124 434 664
171 1 922 124 434 664
172 1 922 124 434 664
173 1 922 124 434 664
174 1 922 124 434 664
175 1 922 122 434 664
176 1 922 122 434 664
177 1 922 122 434 664
178 1 922 112 434 664
179 1 922 112 434 664
180 1 928 112 434 664
181 1 928 112 434 664
182 1 936 112 434 664
183 1 932 94 458 690
184 1 932 94 458 690
185 1 932 94 458 690
186 1 932 94 458 690
187 1 932 94 458 690
188 1 932 94 458 690
189 1 932 94 458 690
190 1 932 94 458 690
191 1 932 94 458 690
192 1 932 94 458 690
193 1 942 84 458 690
194 1 954 86 458 690
195 1 954 86 458 690
196 1 990 98 448 674
197 1 992 114 448 674
198 1 1000 120 448 674
199 1 1008 136 448 674
200 1 1008 136 448 674
201 1 1064 140 430 712
202 1 1064 140 430 712
203 1 1064 140 430 712
204 1 1064 140 430 712
205 1 1064 140 430 712
206 1 1064 140 430 712
207 1 1096 148 430 712
208 1 1096 148 430 712
209 1 1096 148 430 712
210 1 1096 148 430 712
211 1 1096 148 430 712
212 1 1096 148 430 712
213 1 1096 148 430 712
214 1 1096 148 430 712
215 1 1096 148 430 712
216 1 1102 164 382 636
217 1 1102 164 382 636
218 1 1078 164 382 636
219 1 1082 188 354 588
220 1 1070 190 354 588
221 1 1056 204 354 588
222 1 1044 228 352 530
223 1 1044 228 352 530
224 1 1036 228 352 530
225 1 1020 238 352 530
226 1 1020 254 304 526
227 1 1020 254 304 526
228 1 1006 264 304 526
229 1 1006 264 304 526
230 1 990 272 304 526
231 1 990 272 304 526
232 1 982 334 320 464
233 1 982 334 320 464
234 1 978 354 320 464
235 1 978 360 320 464
236 1 982 372 296 468
237 1 982 372 296 468
238 1 982 384 296 468
239 1 982 384 296 468
240 1 982 384 296 468
241 1 982 384 296 468
242 1 982 384 296 468
243 1 1014 420 280 434
244 1 1014 420 280 434
245 1 1014 420 280 434
246 1 1014 420 280 434
247 1 1014 420 280 434
248 1 1014 420 280 434
249 1 1010 418 280 434
250 1 1010 418 280 434
251 1 1010 428 280 434
252 1 1010 428 280 434
253 1 1010 428 280 434
254 1 1000 428 280 434
255 1 1000 428 280 434
256 1 994 428 280 434
257 1 994 428 280 434
258 1 994 428 280 434
259 1 982 430 280 434
260 1 982 430 280 434
261 1 982 430 280 434
262 1 982 430 280 434
263 1 970 432 280 434
264 1 970 432 280 434
265 1 970 432 280 434
266 1 970 432 280 434
267 1 970 432 280 434
268 1 962 432 280 434
269 1 962 432 280 434
270 1 948 430 280 434
271 1 948 430 280 434
272 1 942 430 280 434
273 1 942 430 280 434
274 1 926 428 280 434
275 1 926 428 280 434
276 1 894 420 280 434
277 1 870 398 280 400
278 1 870 398 280 400
279 1 842 398 280 400
280 1 820 386 280 400
