0 0
1 0
2 0
3 0
4 0
5 0
6 0
7 0
8 0
9 0
10 0
11 0
12 0
13 0
14 0
15 0
16 0
17 0
18 0
19 0
20 0
21 0
22 0
23 0
24 0
25 0
26 0
27 0
28 0
29 0
30 0
31 0
32 0
33 0
34 0
35 0
36 0
37 0
38 0
39 0
40 1 904 808 220 268
41 1 904 802 220 268
42 1 910 782 220 268
43 1 918 760 224 284
44 1 920 740 224 284
45 1 926 698 224 284
46 1 928 678 224 284
47 1 928 646 224 284
48 1 922 612 224 284
49 1 922 570 224 284
50 1 918 542 224 284
51 1 916 522 224 284
52 1 914 506 224 284
53 1 914 498 224 284
54 1 912 478 224 284
55 1 914 464 224 284
56 1 914 464 224 284
57 1 914 464 224 284
58 1 922 460 224 284
59 1 922 460 224 284
60 1 922 452 224 284
61 1 922 452 224 284
62 1 922 452 224 284
63 1 918 458 224 284
64 1 918 458 224 284
65 1 918 458 224 284
66 1 918 452 224 284
67 1 918 452 224 284
68 1 940 422 222 326
69 1 940 422 222 326
70 1 940 422 222 326
71 1 956 420 222 326
72 1 956 420 222 326
73 1 954 426 250 324
74 1 954 426 250 324
75 1 962 414 250 324
76 1 950 380 266 358
77 1 950 380 266 358
78 1 950 380 266 358
79 1 952 346 266 358
80 1 952 346 266 358
81 1 926 344 298 358
82 1 926 344 298 358
83 1 926 344 298 358
84 1 892 326 348 386
85 1 892 326 348 386
86 1 902 312 348 386
87 1 902 312 348 386
88 1 902 284 340 452
89 1 902 284 340 452
90 1 902 284 340 452
91 1 902 284 340 452
92 1 902 284 340 452
93 1 902 284 340 452
94 1 902 284 340 452
95 1 902 292 316 432
96 1 904 300 316 432
97 1 910 308 316 432
98 1 922 314 316 432
99 1 922 314 316 432
100 1 922 314 316 432
101 1 922 314 316 432
102 1 922 314 316 432
103 1 922 314 316 432
104 1 922 314 316 432
105 1 922 314 316 432
106 1 922 314 316 432
107 1 922 314 316 432
108 1 922 314 316 432
109 1 928 308 316 432
110 1 928 308 316 432
111 1 928 308 316 432
112 1 928 308 316 432
113 1 948 302 316 432
114 1 948 302 316 432
115 1 948 302 316 432
116 1 948 302 316 432
117 1 948 302 316 432
118 1 948 302 316 432
119 1 948 302 316 432
120 1 948 302 316 432
121 1 948 302 316 432
122 1 948 302 316 432
123 1 948 302 316 432
124 1 934 302 316 432
125 1 934 302 316 432
126 1 934 302 316 432
127 1 934 302 316 432
128 1 934 302 316 432
129 1 934 302 316 432
130 1 934 302 316 432
131 1 934 302 316 432
132 1 934 302 316 432
133 1 934 302 316 432
134 1 920 306 316 432
135 1 920 306 316 432
136 1 920 306 316 432
137 1 920 306 316 432
138 1 914 310 316 432
139 1 914 310 316 432
140 1 914 310 316 432
141 1 914 310 316 432
142 1 914 310 316 432
143 1 914 310 316 432
144 1 914 310 316 432
145 1 914 310 316 432
146 1 914 310 316 432
