0 0
1 0
2 0
3 0
4 0
5 0
6 0
7 0
8 0
9 0
10 0
11 0
12 0
13 0
14 0
15 0
16 0
17 0
18 0
19 0
20 0
21 0
22 0
23 0
24 0
25 0
26 0
27 0
28 0
29 0
30 0
31 0
32 0
33 0
34 0
35 0
36 0
37 0
38 0
39 0
40 0
41 0
42 0
43 0
44 0
45 0
46 0
47 0
48 0
49 0
50 0
51 0
52 0
53 0
54 1 862 208 248 346
55 1 874 220 248 346
56 1 874 228 248 346
57 1 866 234 248 346
58 1 844 234 248 346
59 1 828 238 248 346
60 1 810 246 248 346
61 1 804 258 248 346
62 1 808 268 248 346
63 1 814 264 248 346
64 1 820 264 248 346
65 1 796 254 292 374
66 1 812 254 292 374
67 1 822 260 292 374
68 1 840 264 292 374
69 1 860 264 292 374
70 1 866 262 292 374
71 1 862 276 292 374
72 1 892 284 292 374
73 1 898 290 292 374
74 1 916 296 292 374
75 1 924 318 292 374
76 1 946 322 292 374
77 1 972 328 292 374
78 1 986 316 292 374
79 1 1000 302 292 374
80 1 998 296 292 374
81 1 992 296 292 374
82 1 1000 286 292 374
83 1 990 278 328 426
84 1 990 278 328 426
85 1 1030 294 328 426
86 1 1052 300 328 426
87 1 1066 304 328 426
88 1 1066 304 328 426
89 1 1066 304 328 426
90 1 1066 304 328 426
91 1 1066 304 328 426
92 1 1066 304 328 426
93 1 1044 314 328 426
94 1 1044 314 328 426
95 1 1044 314 328 426
96 1 1030 312 328 426
97 1 1030 312 328 426
98 1 1030 312 328 426
99 1 1030 312 328 426
100 1 1030 312 328 426
101 1 1020 298 374 450
102 1 1020 282 374 450
103 1 998 252 432 486
104 1 998 252 432 486
105 1 928 214 560 536
106 1 940 204 560 536
107 1 940 204 560 536
108 1 976 212 560 536
109 1 1012 224 576 524
110 1 1012 224 576 524
111 1 1012 224 576 524
112 1 1040 226 576 524
113 1 1040 226 576 524
114 1 1040 226 576 524
115 1 1040 226 576 524
116 1 1040 226 576 524
117 1 1050 296 576 524
118 1 1050 296 576 524
119 1 1020 300 576 524
120 1 1002 300 576 524
121 1 1002 300 576 524
122 1 948 308 664 576
123 1 968 314 586 586
124 1 968 314 586 586
125 1 960 288 586 586
126 1 928 286 586 586
127 1 928 286 586 586
128 1 928 286 586 586
129 1 936 268 524 582
130 1 936 268 524 582
131 1 936 268 524 582
132 1 936 268 524 582
133 1 936 268 524 582
134 1 936 268 524 582
135 1 936 268 524 582
136 1 912 236 524 582
137 1 912 236 524 582
138 1 912 236 524 582
139 1 854 234 524 582
140 1 854 234 524 582
141 1 836 250 524 582
142 1 836 250 524 582
143 1 836 250 524 582
144 1 836 250 524 582
145 1 836 250 524 582
146 1 830 278 524 582
147 1 830 278 524 582
148 1 816 294 524 582
149 1 816 294 524 582
150 1 816 294 524 582
151 1 818 246 524 582
152 1 818 246 524 582
153 1 818 246 524 582
154 1 818 246 524 582
155 1 812 216 426 572
156 1 812 216 426 572
157 1 812 216 426 572
158 1 812 216 426 572
159 1 812 216 426 572
160 1 844 200 426 572
161 1 844 200 426 572
162 1 866 200 426 572
163 1 866 200 426 572
164 1 866 200 426 572
165 1 866 200 426 572
166 1 866 200 426 572
167 1 890 194 426 572
168 1 924 214 460 566
169 1 968 214 460 566
170 1 1004 214 460 566
171 1 1022 232 460 566
172 1 1022 232 460 566
173 1 1044 222 460 566
174 1 1044 222 460 566
175 1 1044 224 430 548
176 1 1044 224 430 548
177 1 1042 224 430 548
178 1 1042 224 430 548
179 1 1034 222 430 548
180 1 1034 222 430 548
181 1 1018 192 430 548
182 1 1018 192 430 548
183 1 1008 192 430 548
184 1 1008 192 430 548
185 1 1004 206 344 498
186 1 1004 206 344 498
187 1 974 224 344 498
188 1 954 246 344 498
189 1 938 268 344 498
190 1 938 268 344 498
191 1 938 268 344 498
192 1 938 268 344 498
193 1 936 332 352 420
194 1 936 332 352 420
195 1 944 324 352 420
196 1 932 298 366 462
197 1 932 298 366 462
198 1 932 298 366 462
199 1 948 298 366 462
200 1 948 298 366 462
201 1 968 298 366 462
202 1 968 298 366 462
203 1 968 298 366 462
204 1 968 298 366 462
205 1 968 298 366 462
206 1 968 298 366 462
207 1 968 298 366 462
208 1 974 270 366 462
209 1 974 270 366 462
210 1 974 270 366 462
211 1 974 270 366 462
212 1 974 270 366 462
213 1 974 270 366 462
214 1 974 270 366 462
215 1 974 270 366 462
216 1 974 270 366 462
217 1 972 238 366 462
218 1 972 238 366 462
219 1 972 238 366 462
220 1 972 238 366 462
221 1 972 238 366 462
222 1 972 238 366 462
223 1 958 238 366 462
224 1 958 238 366 462
225 1 946 236 366 462
226 1 946 236 366 462
227 1 928 224 366 462
228 1 920 262 344 362
229 1 914 240 344 362
230 1 914 240 344 362
231 1 922 212 344 362
232 1 922 212 344 362
233 1 930 200 344 362
234 1 930 200 344 362
235 1 958 190 344 362
236 1 958 190 344 362
237 1 974 182 344 362
238 1 974 182 344 362
239 1 968 164 344 362
240 1 968 164 344 362
241 1 960 160 344 362
242 1 960 160 344 362
243 1 960 160 344 362
244 1 960 160 344 362
245 1 942 162 344 362
246 1 902 172 344 362
247 1 890 192 322 324
248 1 846 194 322 324
249 1 810 210 322 324
250 1 758 216 322 324
251 1 730 230 322 324
252 1 676 242 322 324
253 1 640 272 322 324
254 1 600 274 310 354
255 0
256 0
257 0
258 0
