0 0
1 0
2 0
3 0
4 0
5 0
6 0
7 0
8 0
9 0
10 0
11 0
12 0
13 0
14 0
15 0
16 0
17 0
18 0
19 0
20 0
21 0
22 0
23 0
24 0
25 0
26 0
27 0
28 0
29 0
30 0
31 0
32 0
33 0
34 0
35 0
36 0
37 0
38 0
39 0
40 0
41 0
42 0
43 0
44 0
45 0
46 0
47 0
48 0
49 0
50 0
51 0
52 0
53 0
54 0
55 0
56 0
57 0
58 0
59 0
60 0
61 0
62 0
63 0
64 0
65 0
66 0
67 0
68 0
69 0
70 0
71 0
72 0
73 0
74 0
75 0
76 0
77 0
78 0
79 0
80 1 706 280 154 306
81 1 724 298 154 306
82 1 756 306 154 306
83 1 812 302 154 306
84 0
85 0
86 0
87 0
88 0
89 1 1088 268 164 318
90 1 1084 274 164 318
91 1 1054 276 164 318
92 1 1034 280 164 318
93 1 1018 288 164 318
94 1 1006 290 164 318
95 1 1002 302 164 318
96 1 996 294 180 368
97 1 996 294 180 368
98 1 996 342 180 368
99 1 996 362 180 368
100 1 998 392 180 368
101 1 998 392 180 368
102 1 994 418 180 368
103 1 1016 438 172 366
104 1 1024 458 186 362
105 1 1050 494 186 362
106 0
107 0
108 0
109 0
110 0
111 0
112 0
113 1 1204 534 250 346
114 1 1204 534 250 346
115 1 1218 522 250 346
116 1 1210 504 274 376
117 1 1238 514 274 376
118 1 1244 510 302 362
119 1 1244 510 302 362
120 1 1270 496 302 362
121 1 1246 478 374 420
122 1 1246 478 374 420
123 1 1256 430 374 420
124 1 1282 402 366 424
125 1 1254 370 366 424
126 1 1232 328 402 458
127 1 1216 282 416 488
128 1 1168 250 480 532
129 1 1154 212 480 532
130 1 1072 186 592 532
131 1 1040 124 624 616
132 1 964 124 690 648
133 1 922 148 690 648
134 1 852 142 728 728
135 1 822 178 728 728
136 1 822 154 660 804
137 1 800 156 660 804
138 1 766 152 660 804
139 1 736 150 660 804
140 1 708 142 660 804
141 1 688 114 660 804
142 1 658 100 660 804
143 1 658 100 660 804
144 1 658 100 660 804
145 1 658 96 660 804
146 1 658 96 660 804
147 1 658 96 660 804
148 1 658 96 660 804
149 1 658 96 660 804
150 1 658 96 660 804
151 1 658 96 660 804
152 1 658 96 660 804
153 1 660 80 660 804
154 1 660 80 660 804
155 1 660 80 660 804
156 1 660 80 660 804
157 1 660 80 660 804
158 1 660 80 660 804
159 1 680 78 660 804
160 1 680 78 660 804
161 1 680 78 660 804
162 1 680 78 660 804
163 1 680 78 660 804
164 1 680 78 660 804
165 1 680 78 660 804
166 1 710 74 586 750
167 1 710 74 586 750
168 1 710 74 586 750
169 1 710 74 586 750
170 1 710 74 586 750
171 1 710 46 586 750
172 1 710 46 586 750
173 1 734 28 586 750
174 1 734 28 586 750
175 1 734 28 586 750
176 1 786 42 586 750
177 1 760 26 628 812
178 1 760 46 628 812
179 1 760 46 628 812
180 1 760 46 628 812
181 1 724 44 628 812
182 1 704 26 662 846
183 1 704 26 662 846
184 1 704 26 662 846
185 1 704 22 662 846
186 1 674 10 686 878
187 1 674 10 686 878
188 1 664 24 686 878
189 1 664 24 686 878
190 1 652 30 686 878
191 1 652 30 686 878
192 1 652 30 686 878
193 1 652 30 686 878
194 1 640 28 686 878
195 1 600 10 746 912
196 1 600 10 746 912
197 1 596 0 746 908
198 1 584 10 710 832
199 1 600 8 716 838
200 1 596 0 716 838
201 1 596 0 716 838
202 1 596 0 716 838
203 1 590 6 688 784
204 1 590 6 688 784
205 1 590 6 688 784
206 1 636 8 688 784
207 1 636 8 688 784
208 1 732 2 688 782
209 1 816 2 688 780
210 1 856 4 688 780
211 1 856 4 688 780
212 1 896 4 688 780
213 1 896 4 688 780
214 1 896 4 688 780
215 1 896 4 688 780
216 1 896 4 688 780
217 1 908 24 688 780
218 1 908 24 688 780
219 1 908 24 688 780
220 1 908 24 688 780
221 1 890 2 688 780
222 1 890 2 688 780
223 1 864 8 688 780
224 1 864 8 688 780
225 1 840 4 688 780
226 1 840 4 688 780
227 1 840 4 688 780
228 1 840 4 688 780
229 1 840 4 688 780
230 1 840 4 688 780
231 1 814 2 688 776
232 1 814 2 688 776
233 1 824 4 666 692
234 1 824 4 666 692
235 1 824 4 666 692
236 1 824 4 666 692
237 1 824 4 666 692
238 1 824 4 666 692
239 1 824 4 666 692
240 1 824 4 666 692
241 1 824 4 666 692
242 1 824 4 666 692
243 1 824 4 666 692
244 1 824 4 666 692
245 1 786 4 666 692
246 1 786 4 666 692
247 1 744 6 666 692
248 1 744 6 666 692
249 1 744 6 666 692
250 1 692 2 666 688
251 1 692 2 666 688
252 1 692 2 666 688
253 1 692 2 666 688
254 1 692 2 666 688
255 1 692 2 666 688
256 1 692 2 666 688
257 1 692 2 666 688
258 1 692 2 666 688
259 1 692 2 666 688
260 1 692 2 666 688
261 1 692 2 666 688
262 1 692 2 666 688
263 1 692 2 666 688
264 1 692 2 666 688
265 1 692 2 666 688
266 1 716 38 666 688
267 1 716 38 666 688
268 1 720 60 666 688
269 1 720 60 666 688
270 1 720 60 666 688
271 1 720 60 666 688
272 1 764 40 600 740
273 1 764 40 600 740
274 1 738 48 600 740
275 1 738 84 600 740
276 1 738 84 600 740
277 1 734 128 600 740
278 1 720 128 592 772
279 1 720 128 592 772
280 1 712 150 592 772
281 1 712 150 592 772
282 1 660 148 602 810
283 1 660 148 602 810
284 1 660 148 602 810
285 1 680 188 602 810
286 1 680 188 602 810
287 1 726 244 594 754
288 1 734 290 594 754
289 1 794 282 594 754
290 1 794 282 594 754
291 1 836 348 604 668
292 1 838 320 604 668
293 1 868 260 604 668
294 1 930 222 604 668
295 1 954 220 574 616
296 1 954 220 574 616
297 1 960 188 574 616
298 1 1026 232 462 544
299 1 1026 232 462 544
300 1 1026 232 462 544
301 1 1108 262 362 514
