0 0
1 0
2 0
3 0
4 0
5 0
6 0
7 0
8 0
9 0
10 0
11 0
12 0
13 0
14 0
15 0
16 0
17 0
18 0
19 0
20 0
21 0
22 0
23 0
24 0
25 0
26 0
27 0
28 0
29 0
30 0
31 0
32 0
33 0
34 0
35 0
36 0
37 0
38 0
39 1 996 346 136 184
40 1 986 346 136 184
41 1 972 344 136 184
42 1 966 350 136 184
43 1 950 354 136 184
44 1 936 356 136 184
45 1 922 356 136 184
46 1 914 358 136 184
47 1 914 358 136 184
48 1 914 358 136 184
49 1 900 354 136 184
50 1 888 352 136 184
51 1 888 344 136 184
52 1 888 334 142 204
53 1 888 334 142 204
54 1 888 334 142 204
55 1 888 334 142 204
56 1 872 322 142 204
57 1 880 328 142 204
58 1 880 328 142 204
59 1 878 342 142 204
60 1 872 336 170 236
61 1 884 346 170 236
62 1 886 360 164 244
63 1 886 360 164 244
64 1 890 380 164 244
65 1 894 402 164 244
66 1 900 420 164 244
67 1 902 440 164 244
68 1 900 452 188 260
69 1 900 452 188 260
70 1 898 472 188 260
71 1 898 488 188 260
72 1 900 500 188 260
73 1 900 518 188 260
74 1 900 524 188 260
75 1 906 536 188 260
76 1 906 536 188 260
77 1 906 536 188 260
78 1 906 536 188 260
79 1 904 554 188 260
80 1 904 554 188 260
81 1 904 554 188 260
82 1 904 554 188 260
83 1 904 554 188 260
84 1 904 554 188 260
85 1 898 560 208 276
86 1 906 554 208 276
87 1 906 542 208 276
88 1 894 524 246 310
89 1 900 518 246 310
90 1 900 518 246 310
91 1 888 532 246 310
92 1 888 532 246 310
93 1 888 532 246 310
94 1 868 538 246 310
95 1 868 538 246 310
96 1 868 538 246 310
97 1 868 538 246 310
98 1 868 538 246 310
99 1 868 538 246 310
100 1 868 538 246 310
101 1 886 518 246 310
102 1 886 518 246 310
103 1 886 518 246 310
104 1 886 518 246 310
105 1 886 518 246 310
106 1 884 550 246 310
107 1 884 550 246 310
108 1 882 590 246 310
109 1 882 590 246 310
110 1 882 590 246 310
111 1 882 568 246 310
112 1 882 568 246 310
113 1 882 568 246 310
114 1 882 568 246 310
115 1 882 568 246 310
116 1 882 568 246 310
117 1 902 558 246 310
118 1 922 554 246 310
119 1 922 534 246 310
120 1 920 494 264 356
121 1 934 476 264 356
122 1 946 466 264 356
123 1 956 450 264 356
124 1 946 398 304 418
125 1 956 382 304 418
126 1 964 360 304 418
127 1 974 348 304 418
128 1 974 348 304 418
129 1 972 312 322 446
130 1 978 300 322 446
131 1 978 290 322 446
132 1 962 270 352 466
133 1 962 270 352 466
134 1 960 260 368 480
135 1 960 260 368 480
136 1 960 260 368 480
137 1 950 224 402 532
138 1 950 224 402 532
139 1 950 224 402 532
140 1 950 224 402 532
141 1 966 228 402 532
142 1 966 228 402 532
143 1 966 228 402 532
144 1 966 252 380 518
145 1 966 252 380 518
146 1 966 252 380 518
147 1 966 252 380 518
148 1 966 252 380 518
149 1 976 260 380 518
150 1 982 264 380 518
151 1 972 266 396 520
152 1 984 270 396 520
153 1 974 272 422 518
154 1 978 272 422 518
155 1 982 280 442 550
156 1 982 280 442 550
