0 0
1 0
2 0
3 0
4 0
5 0
6 0
7 0
8 0
9 0
10 0
11 0
12 0
13 0
14 0
15 0
16 0
17 0
18 0
19 0
20 0
21 0
22 0
23 0
24 0
25 0
26 0
27 0
28 0
29 0
30 0
31 0
32 0
33 0
34 0
35 0
36 0
37 0
38 0
39 0
40 0
41 0
42 0
43 0
44 0
45 0
46 0
47 0
48 0
49 0
50 0
51 0
52 0
53 0
54 0
55 0
56 0
57 0
58 0
59 0
60 0
61 0
62 0
63 0
64 0
65 0
66 1 1042 320 142 244
67 1 1058 322 142 244
68 1 1074 322 142 244
69 1 1080 336 174 238
70 1 1104 344 174 238
71 1 1138 354 174 238
72 0
73 0
74 0
75 0
76 0
77 0
78 0
79 0
80 0
81 1 1340 516 224 288
82 1 1344 526 224 288
83 1 1344 526 224 288
84 1 1350 544 224 288
85 1 1356 542 232 270
86 1 1356 542 232 270
87 1 1358 562 232 270
88 1 1358 562 232 270
89 1 1352 550 254 298
90 1 1352 550 254 298
91 1 1324 552 254 298
92 1 1314 552 254 298
93 1 1286 558 254 298
94 1 1256 576 254 298
95 1 1218 580 282 302
96 1 1188 578 282 302
97 1 1154 590 282 302
98 1 1120 596 282 302
99 1 1088 596 282 302
100 1 1056 598 282 302
101 1 1056 598 282 302
102 1 1022 596 282 302
103 1 1022 596 282 302
104 1 1022 596 282 302
105 1 994 610 282 302
106 1 994 610 282 302
107 1 986 632 282 302
108 1 986 632 282 302
109 1 986 632 282 302
110 1 988 650 282 302
111 1 988 650 282 302
112 1 988 650 282 302
113 1 988 650 282 302
114 1 988 650 282 302
115 1 988 650 282 302
116 1 988 650 282 302
117 1 988 650 282 302
118 1 988 650 282 302
119 1 988 650 282 302
120 1 986 600 300 332
121 1 978 584 300 332
122 1 970 576 300 332
123 1 946 552 332 360
124 1 946 552 332 360
125 1 946 552 332 360
126 1 916 528 386 396
127 1 916 528 386 396
128 1 922 498 416 472
129 1 938 516 416 472
130 1 886 522 500 488
131 1 900 522 498 524
132 1 900 522 498 524
133 1 892 506 510 564
134 1 892 506 510 564
135 1 892 506 510 564
136 1 918 516 448 556
137 1 918 516 448 556
138 1 918 516 448 556
139 1 918 516 448 556
140 1 892 542 474 534
141 1 892 542 474 534
142 1 892 542 474 534
143 1 892 542 474 534
144 1 892 542 474 534
145 1 892 542 474 534
146 1 892 542 474 534
147 1 892 542 474 534
148 1 892 522 474 534
149 1 892 522 474 534
150 1 906 528 416 464
151 1 906 528 416 464
152 1 906 528 416 464
153 1 906 528 416 464
154 1 906 528 416 464
155 1 906 528 416 464
156 1 906 528 416 464
157 1 906 528 416 464
158 1 906 528 416 464
159 1 906 528 416 464
160 1 906 528 416 464
161 1 966 624 322 364
162 1 966 624 322 364
163 1 966 624 322 364
164 1 966 624 322 364
165 1 966 624 322 364
166 1 966 624 322 364
167 1 966 624 322 364
168 1 924 616 322 364
169 1 924 616 322 364
170 1 924 616 322 364
171 1 924 616 322 364
172 1 924 616 322 364
173 1 924 616 322 364
174 1 904 624 322 364
175 1 880 622 322 364
176 1 880 622 322 364
177 1 848 626 322 364
178 1 836 646 322 364
179 0
180 0
181 0
182 0
183 0
184 0
185 0
186 0
187 0
188 0
189 0
190 0
191 0
192 0
193 0
194 0
195 0
196 0
197 0
198 0
199 0
200 0
201 0
202 0
203 0
204 0
