0 1 428 572 8 4
1 0
2 0
3 0
4 0
5 0
6 0
7 0
8 0
9 0
10 0
11 0
12 0
13 0
14 0
15 0
16 0
17 0
18 0
19 0
20 0
21 0
22 0
23 0
24 0
25 0
26 0
27 0
28 0
29 0
30 0
31 0
32 0
33 0
34 0
35 0
36 0
37 0
38 0
39 1 462 442 206 216
40 1 478 422 186 236
41 1 464 414 186 236
42 1 464 414 186 236
43 1 464 414 186 236
44 1 472 416 186 236
45 1 472 416 186 236
46 1 472 416 186 236
47 1 472 402 186 236
48 1 456 392 186 236
49 1 436 368 198 260
50 1 424 350 198 260
51 1 408 338 198 260
52 1 408 338 198 260
53 1 438 334 198 260
54 1 470 334 198 260
55 1 504 326 198 260
56 1 536 322 198 260
57 1 566 314 206 264
58 0
59 0
60 0
61 0
62 0
63 0
64 0
65 0
66 1 796 398 196 262
67 1 812 414 196 262
68 0
69 0
70 1 854 476 204 284
71 1 874 496 204 284
72 1 888 510 204 284
73 1 906 516 222 294
74 1 926 522 222 294
75 1 966 518 222 294
76 1 1000 518 222 294
77 1 1014 518 240 272
78 1 1024 512 240 272
79 1 1046 522 240 272
80 1 1040 536 240 272
81 1 1048 552 240 272
82 1 1058 554 240 272
83 1 1058 554 240 272
84 1 1042 558 240 272
85 1 1020 564 240 272
86 1 1004 564 240 272
87 1 992 568 240 272
88 1 960 564 240 272
89 1 944 564 234 350
90 1 940 580 234 350
91 1 928 592 234 350
92 1 906 582 258 398
93 1 906 582 258 398
94 1 890 586 300 418
95 1 890 586 300 418
96 1 890 586 300 418
97 1 860 548 358 476
98 1 860 548 358 476
99 1 862 524 392 538
100 1 822 548 474 508
101 1 840 564 460 504
102 1 796 542 518 532
103 1 808 542 518 532
104 1 792 556 546 516
105 1 772 558 566 508
106 1 758 568 566 508
107 1 736 568 576 508
108 1 728 568 576 508
109 1 716 570 576 508
110 1 714 564 576 508
111 1 714 564 576 508
112 1 704 534 576 540
113 1 704 534 576 540
114 1 704 534 576 540
115 1 682 542 558 534
116 1 686 574 538 496
117 1 658 574 538 496
118 1 632 578 538 496
119 1 648 590 490 486
120 1 648 590 490 486
121 1 604 588 490 486
122 1 592 590 490 486
123 1 578 590 490 486
124 1 630 628 408 446
125 1 630 628 408 446
126 1 630 628 408 446
127 1 630 628 408 446
128 1 630 628 408 446
129 1 644 630 408 446
130 1 644 630 408 446
131 1 692 628 408 446
132 1 702 604 448 470
133 1 740 606 448 470
134 1 736 580 504 492
135 1 726 598 554 478
136 1 728 580 586 492
137 1 746 586 586 492
138 1 736 576 638 494
139 1 744 576 638 494
140 1 760 542 640 526
141 1 752 514 652 560
142 1 760 512 652 560
143 1 768 462 650 606
144 1 768 462 650 606
145 1 768 460 650 606
146 1 774 436 646 638
147 1 778 428 646 638
148 1 760 406 658 664
149 1 764 384 658 664
150 1 764 384 658 664
151 1 750 386 658 664
152 1 750 386 658 664
153 1 726 390 658 664
154 1 752 410 614 608
155 1 752 410 614 608
156 1 742 412 614 608
157 1 742 412 614 608
158 1 714 392 614 608
159 1 714 392 614 608
160 1 830 368 438 652
161 1 830 400 396 568
162 1 830 400 396 568
163 1 830 400 396 568
164 1 830 400 396 568
165 1 862 406 396 568
166 1 862 406 396 568
167 1 862 406 396 568
168 1 862 406 396 568
169 1 892 408 396 568
170 1 892 408 396 568
171 1 942 428 376 464
172 1 942 428 376 464
173 1 970 404 380 486
174 1 948 394 424 512
175 1 958 386 430 546
176 1 978 392 440 506
177 1 980 400 458 522
178 1 980 400 458 522
179 1 980 400 458 522
180 1 1028 408 398 482
181 1 1008 384 430 526
182 1 982 392 500 494
183 1 982 392 500 494
184 1 1014 376 444 534
185 1 1046 390 394 478
186 1 1020 388 402 486
187 1 1020 388 402 486
188 1 1010 388 402 486
189 1 1000 388 402 486
190 1 988 388 402 486
191 1 988 388 402 486
192 1 988 388 402 486
193 1 966 390 402 486
194 1 966 390 402 486
195 1 942 388 402 486
