0 0
1 0
2 0
3 0
4 0
5 0
6 0
7 0
8 0
9 0
10 0
11 0
12 0
13 0
14 0
15 0
16 0
17 0
18 0
19 0
20 0
21 0
22 0
23 0
24 0
25 0
26 0
27 0
28 0
29 0
30 0
31 0
32 0
33 0
34 0
35 0
36 0
37 0
38 0
39 0
40 0
41 0
42 0
43 0
44 0
45 0
46 0
47 0
48 0
49 0
50 0
51 0
52 0
53 0
54 0
55 0
56 0
57 0
58 0
59 0
60 0
61 0
62 0
63 0
64 0
65 0
66 0
67 0
68 0
69 0
70 0
71 0
72 0
73 0
74 0
75 0
76 0
77 0
78 0
79 0
80 0
81 0
82 0
83 0
84 0
85 0
86 0
87 0
88 0
89 0
90 0
91 0
92 0
93 0
94 0
95 0
96 0
97 0
98 0
99 0
100 0
101 0
102 0
103 0
104 0
105 0
106 0
107 0
108 0
109 0
110 0
111 0
112 0
113 0
114 0
115 0
116 0
117 0
118 0
119 0
120 0
121 0
122 0
123 0
124 0
125 0
126 0
127 0
128 0
129 0
130 0
131 0
132 0
133 0
134 0
135 0
136 0
137 0
138 0
139 0
140 0
141 0
142 0
143 0
144 0
145 0
146 0
147 0
148 0
149 0
150 1 846 568 122 218
151 1 846 568 122 218
152 1 850 558 122 218
153 1 856 564 122 218
154 1 866 568 122 218
155 1 874 570 122 218
156 1 876 568 122 218
157 1 872 532 142 264
158 1 872 532 142 264
159 1 884 526 142 264
160 1 898 506 142 264
161 1 902 494 142 264
162 1 916 484 142 264
163 1 912 470 162 274
164 1 912 470 162 274
165 1 930 472 162 274
166 1 944 488 162 274
167 1 962 500 162 274
168 1 960 482 186 306
169 1 990 478 186 306
170 1 990 478 186 306
171 1 1010 488 186 306
172 1 1026 500 202 294
173 1 1028 504 202 294
174 1 1038 520 202 294
175 1 1044 528 202 294
176 1 1036 518 236 274
177 1 1036 538 236 274
178 1 1032 538 236 274
179 1 1032 562 236 274
180 1 1042 584 236 274
181 1 1040 612 236 274
182 1 1040 612 236 274
183 1 1040 612 236 274
184 1 1028 610 280 320
185 1 1028 610 280 320
186 1 1028 610 280 320
187 1 1018 606 324 358
188 1 1018 606 324 358
189 1 1008 578 324 358
190 1 988 552 366 404
191 1 988 552 366 404
192 1 986 532 366 404
193 1 948 498 408 430
194 1 948 498 408 430
195 1 916 444 428 470
196 1 916 444 428 470
197 1 882 430 428 470
198 1 880 414 428 470
199 1 862 382 442 508
200 1 862 382 442 508
201 1 880 348 432 582
202 1 880 348 432 582
203 1 908 370 416 604
204 1 912 386 416 604
205 1 898 398 444 600
206 1 874 378 486 660
207 1 874 400 486 660
208 1 874 400 486 660
209 1 858 418 486 656
210 1 858 418 486 656
211 1 858 418 486 656
212 1 882 424 486 654
213 1 880 456 494 616
214 1 880 456 494 616
215 1 892 454 530 620
216 1 892 454 530 620
217 1 892 454 530 620
218 1 892 454 530 620
219 1 892 454 530 620
220 1 892 454 530 620
221 1 892 454 530 620
222 1 892 454 530 620
223 1 892 454 530 620
224 1 892 454 530 620
225 1 892 454 530 620
226 1 892 454 530 620
227 1 880 454 530 620
228 1 880 454 530 620
229 1 880 454 530 620
230 1 880 454 530 620
231 1 880 454 530 620
232 1 934 540 458 540
233 1 938 538 458 540
234 1 956 538 458 540
235 1 966 580 472 490
236 1 966 580 472 490
237 1 976 546 472 490
238 1 980 558 470 518
239 1 980 558 470 518
240 1 970 558 470 518
241 1 970 558 470 518
242 1 944 558 470 518
243 1 932 580 528 494
244 1 932 580 528 494
245 1 932 580 528 494
246 1 930 572 534 494
247 1 930 572 534 494
248 1 930 572 534 494
249 1 926 548 518 522
250 1 926 548 518 522
251 1 916 530 518 522
252 1 916 530 518 522
253 1 878 450 584 552
254 1 876 418 584 552
255 1 906 352 514 602
256 1 906 352 514 602
257 1 946 286 514 602
258 1 958 290 474 526
259 1 940 274 474 526
260 1 916 240 468 558
261 1 916 240 468 558
262 1 900 214 468 558
263 1 900 214 468 558
264 1 900 214 468 558
265 1 900 214 468 558
266 1 946 210 468 558
267 1 1014 244 442 540
268 1 1006 232 492 506
269 1 1006 232 492 506
270 1 1006 232 492 506
271 1 1032 226 428 486
272 1 1032 226 428 486
273 1 1012 226 428 486
274 1 1026 252 370 424
275 1 1026 252 370 424
276 1 994 252 370 424
277 1 950 250 370 424
278 1 950 250 370 424
279 1 950 250 370 424
280 1 940 302 298 378
281 1 940 302 298 378
282 1 940 302 298 378
283 1 920 320 298 378
284 1 920 320 298 378
285 1 920 320 298 378
286 1 936 386 298 308
287 1 936 386 298 308
288 1 918 406 298 308
289 1 918 406 298 308
290 1 906 428 298 308
291 1 906 428 298 308
292 1 930 460 260 298
293 1 950 460 260 298
294 1 950 460 260 298
295 1 950 460 260 298
296 1 950 460 260 298
297 1 942 464 260 298
298 1 942 464 260 298
299 1 934 466 260 298
300 1 928 472 260 298
301 1 924 518 240 288
302 1 930 528 240 288
303 0
304 1 994 574 256 300
305 1 994 604 256 300
306 0
307 0
308 0
309 0
310 0
311 0
312 0
313 0
314 0
315 0
316 0
317 0
318 0
319 0
320 0
321 0
322 0
323 0
324 0
325 0
326 0
327 0
328 0
329 0
330 0
331 0
332 0
333 0
334 0
335 0
336 0
337 0
338 0
339 0
340 0
341 0
342 0
343 0
344 0
345 0
346 0
347 0
348 0
349 0
350 0
351 0
352 0
353 0
354 0
355 0
356 0
357 0
358 0
359 0
360 0
361 0
362 0
363 0
364 0
365 0
366 0
367 0
368 0
