0 0
1 0
2 0
3 0
4 0
5 0
6 0
7 0
8 0
9 0
10 0
11 0
12 0
13 0
14 0
15 0
16 0
17 0
18 0
19 0
20 0
21 0
22 0
23 0
24 0
25 0
26 0
27 0
28 0
29 0
30 0
31 0
32 0
33 0
34 0
35 0
36 0
37 0
38 0
39 0
40 0
41 0
42 1 262 612 248 226
43 1 284 600 248 226
44 1 324 574 248 226
45 1 354 542 248 226
46 1 382 514 248 226
47 1 400 494 248 226
48 1 434 482 248 226
49 1 472 476 206 226
50 1 472 476 206 226
51 1 496 468 206 226
52 1 496 468 206 226
53 1 524 458 206 226
54 1 524 458 206 226
55 1 524 458 206 226
56 1 538 454 218 234
57 1 538 454 218 234
58 1 538 454 218 234
59 1 572 438 218 234
60 1 572 438 218 234
61 1 602 434 218 234
62 1 602 434 218 234
63 1 636 424 212 246
64 1 642 420 212 246
65 1 642 420 212 246
66 1 674 414 212 246
67 1 672 398 226 264
68 1 672 398 226 264
69 1 680 402 226 264
70 1 680 402 226 264
71 1 680 402 226 264
72 1 674 416 226 264
73 1 674 416 226 264
74 1 664 414 256 274
75 1 664 414 256 274
76 1 658 422 256 274
77 1 646 432 292 290
78 1 646 432 292 290
79 1 646 438 272 298
80 1 646 438 272 298
81 1 646 438 272 298
82 1 646 438 272 298
83 1 646 438 272 298
84 1 636 458 272 298
85 1 636 458 272 298
86 1 624 480 272 298
87 1 624 480 272 298
88 1 624 480 272 298
89 1 624 480 272 298
90 1 618 452 282 362
91 1 618 452 282 362
92 1 624 432 282 362
93 1 624 432 282 362
94 1 586 418 320 382
95 1 588 410 320 382
96 1 558 390 368 402
97 1 558 390 368 402
98 1 558 390 368 402
99 1 558 390 368 402
100 1 556 370 390 432
101 1 556 370 390 432
102 1 556 386 390 432
103 1 554 384 408 456
104 1 554 384 408 456
105 1 564 406 408 456
106 1 584 414 408 456
107 1 598 404 390 484
108 1 598 404 390 484
109 1 598 404 390 484
110 1 620 366 398 532
111 1 620 366 398 532
112 1 620 366 398 532
113 1 620 366 398 532
114 1 620 366 398 532
115 1 620 366 398 532
116 1 624 356 398 532
117 1 652 336 372 564
118 1 652 336 372 564
119 1 652 336 372 564
120 1 652 336 372 564
121 1 648 316 372 564
122 1 648 316 372 564
123 1 648 316 372 564
124 1 648 316 372 564
125 1 648 316 372 564
126 1 602 336 458 556
127 1 596 348 466 544
128 1 596 348 466 544
129 1 596 348 466 544
130 1 582 352 466 544
131 1 582 352 466 544
132 1 582 352 466 544
133 1 582 352 466 544
134 1 582 352 466 544
135 1 582 352 466 544
136 1 582 352 466 544
137 1 582 352 466 544
138 1 582 352 466 544
139 1 582 352 466 544
140 1 582 352 466 544
141 1 582 352 466 544
