0 0
1 0
2 0
3 0
4 0
5 0
6 0
7 0
8 0
9 0
10 0
11 0
12 0
13 0
14 0
15 0
16 0
17 0
18 0
19 0
20 0
21 0
22 0
23 0
24 0
25 0
26 0
27 0
28 0
29 0
30 0
31 0
32 0
33 0
34 0
35 0
36 0
37 0
38 0
39 0
40 0
41 0
42 0
43 0
44 0
45 0
46 0
47 0
48 0
49 0
50 0
51 0
52 0
53 0
54 0
55 0
56 0
57 0
58 0
59 0
60 0
61 0
62 0
63 0
64 0
65 0
66 0
67 0
68 0
69 0
70 0
71 0
72 0
73 0
74 0
75 0
76 0
77 0
78 0
79 0
80 0
81 0
82 0
83 0
84 0
85 0
86 0
87 0
88 0
89 0
90 0
91 0
92 1 556 324 236 274
93 1 556 324 236 274
94 1 560 300 236 274
95 1 594 290 236 274
96 1 644 268 236 274
97 0
98 0
99 1 750 260 236 264
100 1 750 260 236 264
101 1 750 254 236 264
102 1 750 254 236 264
103 1 750 254 236 264
104 1 750 254 236 264
105 1 722 268 236 264
106 1 726 280 236 264
107 1 726 280 236 264
108 1 726 280 236 264
109 1 726 280 236 264
110 1 782 296 208 264
111 1 808 288 208 264
112 1 838 268 208 264
113 1 838 268 208 264
114 1 844 258 208 264
115 1 844 258 208 264
116 1 854 240 208 264
117 1 864 218 194 294
118 1 864 196 194 294
119 1 864 196 194 294
120 1 864 196 194 294
121 1 864 196 194 294
122 1 838 204 194 294
123 1 838 204 194 294
124 1 848 224 194 294
125 1 830 220 228 324
126 1 830 242 228 324
127 1 830 266 228 324
128 1 824 300 216 318
129 1 824 324 216 318
130 1 824 324 216 318
131 1 838 334 216 318
132 1 838 334 216 318
133 1 838 334 216 318
134 1 876 318 216 318
135 1 876 318 216 318
136 1 900 322 216 318
137 1 926 310 224 358
138 1 926 310 224 358
139 1 940 322 224 358
140 1 940 322 224 358
141 1 930 344 262 332
142 1 930 344 262 332
143 1 934 376 262 332
144 1 934 396 262 332
145 1 934 396 262 332
146 1 934 396 262 332
147 1 930 420 262 332
148 1 930 420 262 332
149 1 916 438 262 332
150 1 916 438 262 332
151 1 904 442 262 332
152 1 900 434 260 390
153 1 900 434 260 390
154 1 898 426 284 384
155 1 886 430 332 372
156 1 886 430 332 372
157 1 870 416 400 388
158 1 870 416 400 388
159 1 866 416 400 388
160 1 844 382 452 442
161 1 844 382 452 442
162 1 844 382 452 442
163 1 844 368 452 442
164 1 844 368 452 442
165 1 832 364 452 442
166 1 832 364 452 442
167 1 836 360 422 480
168 1 836 360 422 480
169 1 838 396 422 480
170 1 848 368 408 564
171 1 848 368 408 564
172 1 848 368 408 564
173 1 836 380 408 564
174 1 836 380 408 564
175 1 836 380 408 564
176 1 844 404 408 564
177 1 844 404 408 564
178 1 844 404 408 564
179 1 844 404 408 564
180 1 844 404 408 564
181 1 814 402 408 564
182 1 814 402 408 564
183 1 814 370 408 564
184 1 814 370 408 564
185 1 812 364 402 524
186 1 812 364 402 524
187 1 812 364 402 524
188 1 812 364 402 524
189 1 812 364 402 524
190 1 812 364 402 524
191 1 840 384 340 456
192 1 840 384 340 456
193 1 840 384 340 456
