0 0
1 0
2 0
3 0
4 0
5 0
6 0
7 0
8 0
9 0
10 0
11 0
12 0
13 0
14 0
15 0
16 0
17 0
18 0
19 0
20 0
21 0
22 0
23 0
24 0
25 0
26 0
27 0
28 0
29 0
30 0
31 0
32 0
33 0
34 0
35 0
36 0
37 0
38 0
39 0
40 0
41 0
42 0
43 0
44 0
45 0
46 0
47 0
48 0
49 0
50 0
51 0
52 0
53 0
54 0
55 0
56 0
57 0
58 0
59 0
60 0
61 0
62 0
63 0
64 0
65 0
66 0
67 0
68 0
69 0
70 0
71 0
72 0
73 0
74 0
75 0
76 0
77 0
78 0
79 0
80 0
81 0
82 0
83 0
84 0
85 0
86 0
87 0
88 0
89 0
90 0
91 0
92 0
93 0
94 0
95 0
96 0
97 0
98 0
99 0
100 0
101 0
102 0
103 0
104 0
105 0
106 0
107 0
108 0
109 0
110 1 896 384 138 174
111 1 904 400 138 174
112 1 896 408 138 174
113 1 896 420 138 174
114 1 894 430 138 174
115 1 904 428 124 194
116 1 916 438 124 194
117 1 926 446 124 194
118 1 940 444 124 194
119 1 934 442 140 192
120 1 940 446 140 192
121 1 940 446 140 192
122 1 932 444 140 192
123 1 904 446 140 192
124 1 858 428 162 226
125 0
126 0
127 0
128 1 774 400 164 218
129 1 774 400 164 218
130 1 774 400 164 218
131 1 774 400 164 218
132 0
133 0
134 0
135 0
136 0
137 0
138 0
139 0
140 1 1154 430 218 284
141 1 1126 448 218 284
142 1 1104 458 218 284
143 1 1088 460 218 284
144 1 1062 482 218 284
145 1 1050 500 218 284
146 1 1042 516 218 284
147 1 1042 516 218 284
148 1 1050 532 246 288
149 1 1060 538 246 288
150 1 1072 556 240 276
151 1 1080 574 240 276
152 1 1080 586 216 284
153 1 1070 588 216 284
154 1 1048 578 216 284
155 1 1036 550 216 284
156 1 1012 540 216 284
157 1 1000 522 216 284
158 1 970 500 216 284
159 1 948 476 242 316
160 1 924 468 242 316
161 1 900 412 294 374
162 1 888 382 294 374
163 1 870 320 336 440
164 1 868 298 336 440
165 1 862 278 336 440
166 0
167 0
168 1 736 398 366 452
169 1 736 398 366 452
170 1 722 410 366 452
171 1 722 410 366 452
172 1 722 410 366 452
173 1 722 410 366 452
174 1 722 410 366 452
175 1 722 410 366 452
176 1 722 410 366 452
177 1 722 410 366 452
178 1 722 410 366 452
179 1 722 410 366 452
180 1 726 398 366 452
181 1 726 398 366 452
182 1 726 390 366 452
183 1 726 390 366 452
184 1 726 380 366 452
185 1 736 362 366 452
186 1 746 346 366 452
187 1 762 330 398 516
188 1 762 330 398 516
189 1 800 332 398 516
190 1 800 332 398 516
191 1 900 328 366 566
192 1 900 328 366 566
193 1 936 308 366 566
194 1 962 278 366 566
195 1 1008 256 342 536
196 1 998 192 372 584
197 1 948 164 458 564
198 1 930 178 458 564
199 1 892 180 458 564
200 1 892 208 420 504
201 1 880 212 420 504
202 1 880 212 420 504
203 1 882 234 376 472
204 1 882 244 376 472
205 1 884 280 352 426
206 1 884 280 352 426
207 1 908 350 354 378
208 1 908 350 354 378
209 1 926 384 354 378
210 1 926 384 354 378
211 1 984 484 292 312
212 1 994 520 292 312
213 1 1022 534 266 306
214 1 1032 568 266 306
215 1 1032 568 266 306
216 1 1064 590 256 282
217 1 1064 590 256 282
218 1 1068 602 256 282
219 1 1098 622 240 268
220 1 1102 638 240 268
221 1 1110 644 240 268
222 1 1110 644 240 268
223 1 1112 650 240 268
224 1 1112 650 240 268
225 1 1112 650 240 268
226 1 1098 652 240 268
227 1 1098 652 240 268
228 1 1080 652 240 268
229 1 1078 672 240 268
230 1 1078 672 240 268
231 1 1052 690 240 268
232 1 1052 690 240 268
233 1 1010 692 240 268
234 1 990 684 240 268
235 1 948 664 240 268
236 1 924 658 240 268
237 1 896 654 224 274
238 1 864 652 224 274
239 0
240 0
241 0
242 0
243 0
244 0
245 0
246 0
247 0
248 0
249 0
250 1 554 624 228 228
251 1 538 630 228 228
252 1 526 636 228 228
253 1 514 638 228 228
254 1 484 650 228 228
255 1 468 652 228 228
256 1 452 654 228 228
257 1 414 650 228 228
258 1 392 650 228 228
259 1 374 652 228 228
260 1 314 656 286 238
261 1 296 664 286 238
262 0
263 0
264 0
265 0
266 0
267 0
268 0
269 0
270 0
271 0
272 0
273 0
274 0
275 0
276 0
277 0
278 0
279 0
280 0
281 0
282 0
283 0
284 0
285 0
286 0
287 0
288 0
289 0
290 0
291 0
292 0
293 0
294 0
295 0
296 0
297 0
298 0
299 0
300 0
301 0
302 0
303 0
304 0
305 0
306 0
307 0
308 0
309 0
310 0
311 0
312 0
313 0
