56 1 844 502 180 142
57 1 804 542 180 142
58 1 764 562 180 142
59 1 724 582 180 142
60 1 695 595 198 156
61 1 695 595 198 156
62 1 695 595 198 156
63 1 695 595 198 156
64 1 695 595 198 156
65 1 695 595 198 156
66 1 695 595 198 156
67 1 665 603 178 140
68 1 665 603 178 140
69 1 656 616 195 154
70 1 666 624 175 138
71 1 646 644 175 138
72 1 646 644 175 138
73 1 655 631 157 124
74 1 647 625 172 136
75 1 627 645 172 136
76 1 647 645 172 136
77 1 656 652 154 122
78 1 676 672 154 122
79 1 656 652 154 122
80 1 628 666 169 134
81 1 620 679 185 147
82 1 620 679 185 147
83 1 620 679 185 147
84 1 620 659 185 147
85 1 620 639 185 147
86 1 620 619 185 147
87 1 640 599 185 147
88 1 660 599 185 147
89 1 660 599 185 147
90 1 660 599 185 147
91 1 680 599 185 147
92 1 680 599 185 147
93 1 680 579 185 147
94 1 680 579 185 147
95 1 700 579 185 147
96 1 689 566 166 132
97 1 689 566 166 132
98 1 689 566 166 132
99 1 681 559 182 145
100 1 681 559 182 145
101 1 681 559 182 145
102 1 681 559 182 145
103 1 701 559 182 145
104 1 692 552 200 159
105 1 692 552 200 159
106 1 692 552 200 159
107 1 692 552 200 159
108 1 712 552 200 159
109 1 732 552 200 159
110 1 682 564 220 174
111 1 702 564 220 174
112 1 713 573 198 156
113 1 683 585 217 171
114 1 694 594 195 153
115 1 654 614 195 153
116 1 664 622 175 137
117 1 673 629 157 123
118 1 665 643 172 135
119 1 645 663 172 135
120 1 674 670 154 121
121 1 674 690 154 121
122 1 654 710 154 121
123 1 654 730 154 121
124 1 674 750 154 121
125 1 722 796 138 108
126 1 682 776 138 108
127 1 682 796 138 108
128 1 675 811 151 118
129 1 667 825 166 129
130 1 675 831 149 116
131 1 695 831 149 116
132 1 722 857 134 104
133 1 702 857 134 104
134 1 729 862 120 93
135 1 729 842 120 93
136 1 735 827 108 83
137 1 755 827 108 83
138 1 755 807 108 83
139 1 775 807 108 83
140 1 775 787 108 83
141 1 775 767 108 83
142 1 795 767 108 83
143 1 775 747 108 83
144 1 775 727 108 83
145 1 780 731 97 74
146 1 765 715 87 66
147 1 769 698 78 59
148 1 749 678 78 59
149 1 709 638 78 59
150 1 753 661 70 53
151 1 753 661 70 53
152 1 753 661 70 53
153 1 733 641 70 53
154 1 756 604 63 47
155 1 753 642 69 51
156 1 753 642 69 51
157 1 753 642 69 51
158 1 773 642 69 51
159 1 773 622 69 51
160 1 773 622 69 51
161 1 813 642 69 51
162 1 813 642 69 51
163 1 813 642 69 51
164 1 816 625 62 45
165 1 816 625 62 45
166 1 839 627 55 40
167 1 839 627 55 40
168 1 856 625 60 44
169 1 856 625 60 44
170 1 853 623 66 48
171 1 850 601 72 52
172 1 850 601 72 52
173 1 846 598 79 57
174 1 846 598 79 57
175 1 846 598 79 57
176 1 866 618 79 57
177 1 870 621 71 51
178 1 870 621 71 51
179 1 850 621 71 51
180 1 850 621 71 51
181 1 850 621 71 51
182 1 850 621 71 51
183 1 854 624 63 45
184 1 811 602 69 49
185 1 811 602 69 49
186 1 808 600 75 53
187 1 808 600 75 53
188 1 808 600 75 53
189 1 808 600 75 53
190 1 788 600 75 53
191 1 788 620 75 53
192 1 768 620 75 53
193 1 748 640 75 53
194 1 748 640 75 53
195 1 768 660 75 53
196 1 768 660 75 53
197 1 768 660 75 53
198 1 768 660 75 53
199 1 768 660 75 53
200 1 768 660 75 53
201 1 768 660 75 53
202 1 768 660 75 53
203 1 768 660 75 53
204 1 764 657 82 58
