60 1 776 378 112 156
61 1 762 346 100 140
62 1 767 353 90 126
63 1 762 347 99 138
64 1 737 340 108 151
65 1 732 352 118 166
66 1 718 400 106 149
67 1 723 447 95 134
68 1 718 460 104 147
69 1 743 507 93 132
70 1 778 500 102 145
71 1 793 493 112 159
72 1 819 501 100 143
73 1 834 474 110 157
74 1 834 474 110 157
75 1 839 502 99 141
76 1 859 502 99 141
77 1 859 502 99 141
78 1 854 495 108 155
79 1 849 487 118 170
80 1 843 478 129 187
81 1 863 498 129 187
82 1 909 527 116 168
83 1 935 555 104 151
84 1 960 583 93 135
85 1 985 570 83 121
86 1 989 596 74 108
87 1 1013 621 66 97
88 1 1036 646 59 87
89 1 1019 650 53 78
90 1 1062 674 47 70
91 1 1064 677 42 63
92 1 1082 674 46 69
93 1 1084 677 41 62
94 1 1106 700 36 55
95 1 1128 723 32 49
96 1 1110 725 28 44
97 1 1111 727 25 39
98 1 1112 729 22 35
99 1 1111 727 24 38
100 1 1111 727 24 38
101 1 1112 729 21 34
102 1 1113 731 18 30
103 1 1092 709 19 33
104 1 1073 691 17 29
105 1 1073 671 17 29
106 1 1093 671 17 29
107 1 1112 670 18 31
108 1 1131 668 19 34
109 1 1112 650 17 30
110 1 1091 648 18 33
111 1 1091 648 18 33
112 1 1111 648 18 33
113 1 1131 648 18 33
114 1 1130 606 19 36
115 1 1149 604 20 39
116 1 1188 642 22 42
117 1 1209 664 19 37
118 1 1230 686 17 33
119 1 1209 724 18 36
120 1 1168 702 19 39
121 1 1169 744 17 35
122 1 1128 762 18 38
123 1 1149 744 16 34
124 1 1128 762 17 37
125 1 1109 784 15 33
126 1 1150 746 13 29
127 1 1150 726 13 29
128 1 1151 727 11 26
129 1 1130 686 12 28
130 1 1089 645 13 30
131 1 1050 646 11 27
132 1 1091 687 9 24
133 1 1051 666 9 26
134 1 1011 666 9 26
135 1 1031 665 9 28
136 1 1031 684 9 30
137 1 1011 682 9 33
138 1 991 720 9 36
139 1 971 742 8 32
140 1 951 760 8 35
141 1 951 718 8 38
142 1 931 760 7 34
143 1 931 762 6 30
144 1 931 763 5 27
145 1 931 763 5 27
146 1 911 783 5 27
147 1 911 804 4 24
148 1 951 843 4 26
149 1 911 884 3 23
150 1 911 845 2 20
151 1 931 864 2 22
152 1 951 863 2 24
153 1 931 882 2 26
154 1 951 881 2 28
155 1 931 900 2 30
156 1 891 901 1 27
157 1 891 882 0 24
158 1 891 882 0 24
159 1 891 882 0 24
160 1 891 882 0 24
161 1 891 882 0 24
162 1 891 882 0 24
163 1 891 882 0 24
164 1 891 882 0 24
165 1 891 882 0 24
166 1 891 882 0 24
167 1 891 882 0 24
168 1 891 882 0 24
169 1 891 882 0 24
170 1 891 882 0 24
171 1 891 882 0 24
172 1 891 882 0 24
173 1 891 882 0 24
174 1 891 882 0 24
175 1 891 882 0 24
176 1 891 882 0 24
177 1 891 882 0 24
178 1 891 882 0 24
179 1 891 882 0 24
180 1 891 882 0 24
181 1 891 882 0 24
182 1 891 882 0 24
183 1 891 882 0 24
184 1 891 882 0 24
185 1 891 882 0 24
