65 1 982 452 98 168
66 1 982 452 98 168
67 1 982 452 98 168
68 1 982 452 98 168
69 1 982 452 98 168
70 1 982 452 98 168
71 1 982 452 98 168
72 1 982 452 98 168
73 1 982 432 98 168
74 1 1002 432 98 168
75 1 1002 432 98 168
76 1 1002 452 98 168
77 1 1002 452 98 168
78 1 1002 452 98 168
79 1 1002 452 98 168
80 1 1002 452 98 168
81 1 962 452 98 168
82 1 962 472 98 168
83 1 967 480 88 151
84 1 1011 508 79 135
85 1 1047 501 86 148
86 1 1063 474 94 162
87 1 1098 446 103 178
88 1 1113 417 113 195
89 1 1127 407 124 214
90 1 1121 416 136 235
91 1 1094 444 149 258
92 1 1107 431 163 283
93 1 1119 437 179 311
94 1 1139 437 179 311
95 1 1119 437 179 311
96 1 1110 421 196 342
97 1 1100 438 176 307
98 1 1071 423 193 337
99 1 1071 423 193 337
100 1 1051 423 193 337
101 1 1011 443 193 337
102 1 991 443 193 337
103 1 961 406 212 370
104 1 992 384 190 333
105 1 992 344 190 333
106 1 992 344 190 333
107 1 1012 324 190 333
108 1 1012 324 190 333
109 1 1032 324 190 333
110 1 1072 284 190 333
111 1 1092 304 190 333
112 1 1092 324 190 333
113 1 1132 284 190 333
114 1 1132 324 190 333
115 1 1152 344 190 333
116 1 1152 384 190 333
117 1 1172 384 190 333
118 1 1152 364 190 333
119 1 1121 401 171 299
120 1 1110 416 153 269
121 1 1118 429 137 242
122 1 1085 421 123 217
123 1 1051 452 110 195
124 1 1016 462 99 175
125 1 1016 462 99 175
126 1 1016 462 99 175
127 1 976 442 99 175
128 1 936 402 99 175
129 1 936 402 99 175
130 1 896 362 99 175
131 1 896 362 99 175
132 1 896 362 99 175
133 1 856 322 99 175
134 1 856 322 99 175
135 1 856 342 99 175
136 1 856 342 99 175
137 1 856 362 99 175
138 1 856 362 99 175
139 1 856 362 99 175
140 1 856 362 99 175
141 1 856 362 99 175
142 1 816 382 99 175
143 1 816 382 99 175
144 1 776 402 99 175
145 1 756 442 99 175
146 1 736 482 99 175
147 1 736 482 99 175
148 1 696 462 99 175
149 1 676 442 99 175
150 1 721 431 89 157
151 1 725 419 80 141
152 1 729 406 72 126
153 1 753 412 64 113
154 1 793 432 64 113
155 1 836 418 57 101
156 1 856 418 57 101
157 1 856 418 57 101
158 1 856 418 57 101
159 1 859 423 51 90
160 1 859 403 51 90
161 1 862 407 45 81
162 1 882 407 45 81
163 1 902 407 45 81
164 1 904 411 40 72
165 1 926 415 36 64
166 1 884 452 39 70
167 1 902 448 42 77
168 1 902 428 42 77
169 1 860 384 46 84
170 1 898 360 50 92
171 1 938 380 50 92
172 1 955 375 55 101
173 1 972 370 60 111
174 1 989 384 66 122
175 1 946 418 72 134
176 1 906 438 72 134
177 1 906 438 72 134
178 1 906 438 72 134
179 1 906 438 72 134
180 1 906 438 72 134
181 1 906 438 72 134
182 1 906 438 72 134
183 1 906 438 72 134
184 1 906 438 72 134
185 1 906 438 72 134
186 1 906 438 72 134
187 1 866 398 72 134
188 1 866 398 72 134
