66 1 792 426 142 108
67 1 779 451 127 97
68 1 765 456 114 87
69 1 751 480 102 78
70 1 756 484 91 70
71 1 756 484 91 70
72 1 716 484 91 70
73 1 716 484 91 70
74 1 716 484 91 70
75 1 716 484 91 70
76 1 716 484 91 70
77 1 716 484 91 70
78 1 716 484 91 70
79 1 716 484 91 70
80 1 736 504 91 70
81 1 756 504 91 70
82 1 776 504 91 70
83 1 796 504 91 70
84 1 816 504 91 70
85 1 816 504 91 70
86 1 836 504 91 70
87 1 836 524 91 70
88 1 836 524 91 70
89 1 836 524 91 70
90 1 856 524 91 70
91 1 856 524 91 70
92 1 856 524 91 70
93 1 856 544 91 70
94 1 856 564 91 70
95 1 856 584 91 70
96 1 861 607 81 63
97 1 881 607 81 63
98 1 901 607 81 63
99 1 921 607 81 63
100 1 921 627 81 63
101 1 961 627 81 63
102 1 981 607 81 63
103 1 1001 607 81 63
104 1 1005 630 72 56
105 1 1025 610 72 56
106 1 1045 610 72 56
107 1 1085 590 72 56
108 1 1125 550 72 56
109 1 1129 573 64 50
110 1 1129 573 64 50
111 1 1152 575 57 45
112 1 1175 577 51 40
113 1 1178 579 45 36
114 1 1218 579 45 36
115 1 1178 579 45 36
116 1 1178 579 45 36
117 1 1178 579 45 36
118 1 1158 579 45 36
119 1 1158 579 45 36
120 1 1196 557 49 39
121 1 1176 537 49 39
122 1 1136 537 49 39
123 1 1096 517 49 39
124 1 1076 477 49 39
125 1 1056 477 49 39
126 1 1036 457 49 39
127 1 1016 457 49 39
128 1 996 477 49 39
129 1 996 477 49 39
130 1 996 477 49 39
131 1 956 437 49 39
132 1 956 437 49 39
133 1 916 457 49 39
134 1 916 457 49 39
135 1 916 457 49 39
136 1 916 457 49 39
137 1 916 477 49 39
138 1 936 477 49 39
139 1 956 477 49 39
140 1 976 497 49 39
141 1 1016 537 49 39
142 1 1058 519 44 35
143 1 1080 481 39 31
144 1 1100 501 39 31
145 1 1100 501 39 31
146 1 1140 481 39 31
147 1 1140 441 39 31
148 1 1180 401 39 31
149 1 1180 401 39 31
150 1 1180 381 39 31
151 1 1160 421 39 31
152 1 1122 423 35 27
153 1 1124 424 31 24
154 1 1104 424 31 24
155 1 1144 404 31 24
156 1 1166 405 27 21
157 1 1206 425 27 21
158 1 1206 445 27 21
159 1 1206 445 27 21
160 1 1206 445 27 21
161 1 1206 445 27 21
162 1 1206 445 27 21
163 1 1166 485 27 21
164 1 1166 485 27 21
165 1 1126 525 27 21
166 1 1126 525 27 21
167 1 1126 525 27 21
168 1 1126 525 27 21
169 1 1126 525 27 21
170 1 1126 505 27 21
171 1 1166 485 27 21
172 1 1206 525 27 21
173 1 1206 565 27 21
174 1 1206 585 27 21
175 1 1206 585 27 21
176 1 1246 585 27 21
177 1 1246 585 27 21
178 1 1246 545 27 21
179 1 1246 545 27 21
180 1 1266 545 27 21
181 1 1266 545 27 21
182 1 1306 545 27 21
183 1 1286 545 27 21
184 1 1286 545 27 21
185 1 1285 584 29 23
186 1 1305 604 29 23
187 1 1325 604 29 23
188 1 1325 604 29 23
189 1 1345 564 29 23
190 1 1365 544 29 23
191 1 1385 564 29 23
192 1 1345 564 29 23
193 1 1345 564 29 23
194 1 1345 564 29 23
195 1 1345 584 29 23
196 1 1345 584 29 23
