13 1 1152 251 123 101
14 1 1118 256 110 90
15 1 1112 271 121 99
16 1 1098 276 108 89
17 1 1098 296 108 89
18 1 1093 292 118 97
19 1 1093 292 118 97
20 1 1107 287 129 106
21 1 1121 282 141 116
22 1 1128 288 126 104
23 1 1128 288 126 104
24 1 1108 288 126 104
25 1 1088 288 126 104
26 1 1088 288 126 104
27 1 1068 288 126 104
28 1 1068 288 126 104
29 1 1062 283 138 114
30 1 1042 283 138 114
31 1 1035 277 151 125
32 1 1015 277 151 125
33 1 1015 277 151 125
34 1 995 277 151 125
35 1 995 277 151 125
36 1 975 297 151 125
37 1 987 331 166 137
38 1 979 344 182 150
39 1 979 344 182 150
40 1 979 364 182 150
41 1 988 371 163 135
42 1 980 384 179 148
43 1 980 404 179 148
44 1 980 404 179 148
45 1 960 424 179 148
46 1 960 424 179 148
47 1 960 444 179 148
48 1 951 437 196 162
49 1 931 477 196 162
50 1 931 517 196 162
51 1 931 517 196 162
52 1 911 517 196 162
53 1 911 517 196 162
54 1 921 529 215 178
55 1 921 529 215 178
56 1 941 529 215 178
57 1 941 549 215 178
58 1 941 569 215 178
59 1 950 580 236 195
60 1 950 580 236 195
61 1 970 600 236 195
62 1 990 600 236 195
63 1 1010 600 236 195
64 1 1018 610 259 214
65 1 1051 621 233 192
66 1 1071 621 233 192
67 1 1059 631 256 211
68 1 1099 631 256 211
69 1 1119 631 256 211
70 1 1119 651 256 211
71 1 1119 651 256 211
72 1 1119 671 256 211
73 1 1119 671 256 211
74 1 1119 691 256 211
75 1 1172 662 230 189
76 1 1203 691 207 170
77 1 1213 699 186 153
78 1 1222 687 167 137
79 1 1242 707 167 137
80 1 1250 694 150 123
81 1 1250 674 150 123
82 1 1250 674 150 123
83 1 1257 660 135 110
84 1 1264 645 121 99
85 1 1238 600 133 108
86 1 1238 560 133 108
87 1 1245 525 119 97
88 1 1245 485 119 97
89 1 1239 440 130 106
90 1 1205 405 117 95
91 1 1159 420 128 104
92 1 1113 435 140 114
93 1 1080 401 126 102
94 1 1074 376 138 112
95 1 1054 356 138 112
96 1 1054 356 138 112
97 1 1054 356 138 112
98 1 1047 330 151 123
99 1 1047 330 151 123
100 1 1035 336 135 110
101 1 1022 301 121 99
102 1 1062 301 121 99
103 1 1108 286 108 89
104 1 1073 250 97 80
105 1 1118 254 87 72
106 1 1114 250 95 79
107 1 1114 250 95 79
108 1 1119 254 85 71
109 1 1123 238 76 63
110 1 1139 235 83 69
111 1 1139 235 83 69
112 1 1135 212 91 75
113 1 1150 208 100 82
114 1 1145 204 110 90
115 1 1150 228 99 81
116 1 1155 232 89 72
117 1 1155 232 89 72
118 1 1131 228 97 79
119 1 1131 228 97 79
120 1 1131 228 97 79
121 1 1136 232 87 71
122 1 1156 232 87 71
123 1 1156 232 87 71
124 1 1152 208 95 78
125 1 1157 212 85 70
126 1 1161 215 76 63
127 1 1165 238 68 56
128 1 1122 255 74 61
129 1 1126 298 66 54
130 1 1109 301 59 48
131 1 1112 263 53 43
132 1 1112 263 53 43
133 1 1112 263 53 43
134 1 1115 265 47 38
135 1 1155 305 47 38
136 1 1135 265 47 38
137 1 1135 265 47 38
138 1 1155 265 47 38
139 1 1155 265 47 38
140 1 1175 265 47 38
141 1 1177 267 42 34
