56 1 844 502 180 142
57 1 813 549 162 127
58 1 801 575 145 114
59 1 761 615 145 114
60 1 721 595 145 114
61 1 681 615 145 114
62 1 694 609 159 125
63 1 694 609 159 125
64 1 686 603 174 137
65 1 686 603 174 137
66 1 686 603 174 137
67 1 686 603 174 137
68 1 686 603 174 137
69 1 657 616 191 150
70 1 657 616 191 150
71 1 657 636 191 150
72 1 657 636 191 150
73 1 677 636 191 150
74 1 647 623 171 135
75 1 638 636 188 148
76 1 647 643 169 133
77 1 655 650 152 119
78 1 635 670 152 119
79 1 655 650 152 119
80 1 627 664 167 130
81 1 619 677 183 143
82 1 639 677 183 143
83 1 639 677 183 143
84 1 619 657 183 143
85 1 619 637 183 143
86 1 619 617 183 143
87 1 648 604 164 128
88 1 648 604 164 128
89 1 688 624 164 128
90 1 688 624 164 128
91 1 688 624 164 128
92 1 708 604 164 128
93 1 708 604 164 128
94 1 708 604 164 128
95 1 688 584 164 128
96 1 688 564 164 128
97 1 688 564 164 128
98 1 688 564 164 128
99 1 688 564 164 128
100 1 688 564 164 128
101 1 688 564 164 128
102 1 688 564 164 128
103 1 680 558 180 140
104 1 700 558 180 140
105 1 700 558 180 140
106 1 700 558 180 140
107 1 700 558 180 140
108 1 700 558 180 140
109 1 700 558 180 140
110 1 720 558 180 140
111 1 680 578 180 140
112 1 680 578 180 140
113 1 689 585 162 126
114 1 649 605 162 126
115 1 669 605 162 126
116 1 629 625 162 126
117 1 669 625 162 126
118 1 649 645 162 126
119 1 681 659 178 138
120 1 681 679 178 138
121 1 670 686 160 124
122 1 670 706 160 124
123 1 670 726 160 124
124 1 670 746 160 124
125 1 710 786 160 124
126 1 670 786 160 124
127 1 718 832 144 111
128 1 678 812 144 111
129 1 725 858 129 99
130 1 705 858 129 99
131 1 731 883 116 89
132 1 737 887 104 80
133 1 722 871 93 72
134 1 742 871 93 72
135 1 727 855 83 64
136 1 747 835 83 64
137 1 747 815 83 64
138 1 787 835 83 64
139 1 791 818 74 57
140 1 771 798 74 57
141 1 811 798 74 57
142 1 775 761 66 51
143 1 815 781 66 51
144 1 795 741 66 51
145 1 795 741 66 51
146 1 778 724 59 45
147 1 778 704 59 45
148 1 778 684 59 45
149 1 775 682 64 49
150 1 758 664 57 44
151 1 755 662 62 48
152 1 755 662 62 48
153 1 738 644 55 43
154 1 758 644 55 43
155 1 761 646 49 38
156 1 781 646 49 38
157 1 781 646 49 38
158 1 821 666 49 38
159 1 821 666 49 38
160 1 801 626 49 38
161 1 801 626 49 38
162 1 821 646 49 38
163 1 783 608 44 34
164 1 783 608 44 34
165 1 803 608 44 34
166 1 803 608 44 34
167 1 823 608 44 34
168 1 823 608 44 34
169 1 823 608 44 34
170 1 843 608 44 34
171 1 885 630 39 30
172 1 885 630 39 30
173 1 845 590 39 30
174 1 845 590 39 30
175 1 845 590 39 30
176 1 883 628 42 33
177 1 883 628 42 33
178 1 883 628 42 33
179 1 843 608 42 33
180 1 843 608 42 33
181 1 843 608 42 33
182 1 861 626 46 36
183 1 861 626 46 36
184 1 861 626 46 36
185 1 861 626 46 36
186 1 821 606 46 36
187 1 801 586 46 36
188 1 801 586 46 36
189 1 801 586 46 36
190 1 821 626 46 36
191 1 781 606 46 36
192 1 801 646 46 36
193 1 781 646 46 36
194 1 741 626 46 36
195 1 781 666 46 36
196 1 781 666 46 36
197 1 781 666 46 36
198 1 781 666 46 36
199 1 781 666 46 36
200 1 781 666 46 36
201 1 781 666 46 36
202 1 781 666 46 36
203 1 781 666 46 36
204 1 803 688 41 32
