57 1 749 597 149 117
58 1 709 577 149 117
59 1 682 591 163 128
60 1 682 591 163 128
61 1 682 611 163 128
62 1 682 611 163 128
63 1 682 611 163 128
64 1 674 605 179 140
65 1 674 605 179 140
66 1 674 605 179 140
67 1 674 605 179 140
68 1 674 605 179 140
69 1 683 612 161 126
70 1 655 626 177 138
71 1 655 626 177 138
72 1 664 633 159 124
73 1 664 633 159 124
74 1 656 627 174 136
75 1 647 640 191 149
76 1 637 647 171 134
77 1 637 647 171 134
78 1 637 647 171 134
79 1 637 667 171 134
80 1 637 667 171 134
81 1 628 680 188 147
82 1 628 680 188 147
83 1 628 680 188 147
84 1 628 660 188 147
85 1 608 640 188 147
86 1 628 620 188 147
87 1 648 600 188 147
88 1 677 627 169 132
89 1 677 627 169 132
90 1 697 627 169 132
91 1 697 627 169 132
92 1 697 607 169 132
93 1 697 607 169 132
94 1 677 587 169 132
95 1 677 567 169 132
96 1 677 567 169 132
97 1 677 567 169 132
98 1 669 560 185 145
99 1 669 560 185 145
100 1 689 560 185 145
101 1 689 560 185 145
102 1 689 560 185 145
103 1 689 560 185 145
104 1 680 553 203 159
105 1 680 553 203 159
106 1 680 553 203 159
107 1 680 553 203 159
108 1 700 553 203 159
109 1 720 553 203 159
110 1 730 561 182 143
111 1 730 561 182 143
112 1 690 581 182 143
113 1 699 588 163 128
114 1 707 594 146 115
115 1 667 614 146 115
116 1 687 614 146 115
117 1 647 634 146 115
118 1 674 640 131 103
119 1 634 680 131 103
120 1 654 680 131 103
121 1 654 700 131 103
122 1 694 700 131 103
123 1 647 735 144 113
124 1 660 749 158 124
125 1 708 795 142 111
126 1 688 775 142 111
127 1 688 795 142 111
128 1 668 815 142 111
129 1 688 815 142 111
130 1 681 829 156 122
131 1 681 829 156 122
132 1 681 829 156 122
133 1 681 829 156 122
134 1 681 809 156 122
135 1 673 803 171 134
136 1 713 783 171 134
137 1 702 770 153 120
138 1 730 756 137 108
139 1 723 751 150 118
140 1 723 751 150 118
141 1 755 725 165 129
142 1 735 725 165 129
143 1 735 705 165 129
144 1 723 691 148 116
145 1 730 677 133 104
146 1 737 662 119 93
147 1 691 657 130 102
148 1 717 642 117 91
149 1 691 637 128 100
150 1 717 622 115 90
151 1 697 622 115 90
152 1 697 622 115 90
153 1 703 626 103 81
154 1 703 626 103 81
155 1 723 606 103 81
156 1 698 602 113 89
157 1 738 622 113 89
158 1 758 622 113 89
159 1 758 622 113 89
160 1 778 602 113 89
161 1 778 602 113 89
162 1 758 602 113 89
163 1 778 602 113 89
164 1 778 602 113 89
165 1 798 602 113 89
166 1 804 606 101 80
167 1 804 606 101 80
168 1 829 610 90 72
169 1 829 610 90 72
170 1 824 606 99 79
171 1 824 586 99 79
172 1 824 586 99 79
173 1 824 586 99 79
174 1 824 586 99 79
175 1 844 586 99 79
176 1 844 586 99 79
177 1 824 586 99 79
178 1 844 606 99 79
179 1 824 606 99 79
180 1 824 606 99 79
181 1 829 610 89 71
182 1 809 590 89 71
183 1 813 594 80 63
184 1 813 594 80 63
185 1 813 594 80 63
186 1 813 594 80 63
187 1 813 594 80 63
188 1 813 594 80 63
189 1 813 594 80 63
190 1 793 594 80 63
191 1 753 594 80 63
192 1 753 614 80 63
193 1 733 614 80 63
194 1 733 634 80 63
195 1 733 634 80 63
196 1 753 654 80 63
197 1 777 657 72 56
198 1 781 660 64 50
199 1 781 660 64 50
200 1 781 660 64 50
201 1 781 660 64 50
202 1 781 660 64 50
203 1 781 660 64 50
204 1 741 640 64 50
