74 1 918 302 74 88
75 1 934 278 81 96
76 1 954 278 81 96
77 1 970 273 89 105
78 1 986 268 97 115
79 1 986 288 97 115
80 1 986 268 97 115
81 1 981 262 106 126
82 1 981 262 106 126
83 1 981 262 106 126
84 1 966 268 95 113
85 1 966 288 95 113
86 1 946 288 95 113
87 1 941 302 104 124
88 1 921 302 104 124
89 1 906 308 93 111
90 1 901 322 102 122
91 1 896 316 112 134
92 1 890 309 123 147
93 1 896 316 110 132
94 1 896 316 110 132
95 1 896 316 110 132
96 1 896 316 110 132
97 1 901 283 99 118
98 1 906 289 89 106
99 1 910 294 80 95
100 1 910 294 80 95
101 1 910 294 80 95
102 1 914 319 72 85
103 1 934 339 72 85
104 1 950 355 79 93
105 1 954 380 71 83
106 1 950 376 78 91
107 1 966 391 85 100
108 1 970 416 76 90
109 1 986 411 83 99
110 1 1002 386 91 108
111 1 1017 361 100 118
112 1 1022 367 90 106
113 1 1017 362 99 116
114 1 1017 402 99 116
115 1 1017 422 99 116
116 1 997 422 99 116
117 1 972 416 108 127
118 1 972 436 108 127
119 1 947 430 118 139
120 1 933 457 106 125
121 1 928 451 116 137
122 1 928 471 116 137
123 1 922 484 127 150
124 1 936 476 139 165
125 1 936 496 139 165
126 1 956 496 139 165
127 1 949 508 152 181
128 1 961 519 167 199
129 1 961 539 167 199
130 1 973 549 183 218
131 1 1002 560 164 196
132 1 1022 580 164 196
133 1 1050 610 147 176
134 1 1057 639 132 158
135 1 1030 651 145 173
136 1 1043 642 159 190
137 1 1015 652 174 209
138 1 1015 652 174 209
139 1 1015 652 174 209
140 1 1006 622 191 229
141 1 996 633 171 206
142 1 965 603 153 185
143 1 957 594 168 203
144 1 957 594 168 203
145 1 949 564 184 223
146 1 949 564 184 223
147 1 949 544 184 223
148 1 958 555 165 200
149 1 970 525 181 220
150 1 961 514 199 242
151 1 951 526 179 217
152 1 960 517 161 195
153 1 952 487 177 214
154 1 923 456 194 235
155 1 893 424 213 258
156 1 882 451 234 283
157 1 830 457 257 311
158 1 837 401 282 342
159 1 823 364 310 376
160 1 827 325 341 413
161 1 810 284 375 454
162 1 790 284 375 454
163 1 790 284 375 454
164 1 771 261 412 499
165 1 770 256 453 548
166 1 773 283 407 493
167 1 773 303 407 493
168 1 773 298 447 542
169 1 731 311 491 596
170 1 731 331 491 596
171 1 731 331 491 596
172 1 711 311 491 596
173 1 731 291 491 596
174 1 731 291 491 596
175 1 731 291 491 596
176 1 771 311 491 596
177 1 766 241 540 655
178 1 759 208 594 720
179 1 779 208 594 720
180 1 779 208 594 720
181 1 799 228 594 720
182 1 789 284 534 648
183 1 789 304 534 648
184 1 816 356 480 583
185 1 820 405 432 524
186 1 820 405 432 524
187 1 822 451 388 471
188 1 821 515 349 423
189 1 804 474 383 465
190 1 803 537 344 418
191 1 820 538 309 376
192 1 820 518 309 376
193 1 800 478 309 376
194 1 780 458 309 376
195 1 815 477 278 338
196 1 829 494 250 304
197 1 841 509 225 273
198 1 841 509 225 273
199 1 852 523 202 245
200 1 862 495 181 220
201 1 891 506 162 198
202 1 899 516 145 178
203 1 899 516 145 178
204 1 906 525 130 160
205 1 906 525 130 160
206 1 906 525 130 160
207 1 899 497 143 176
208 1 906 506 128 158
209 1 906 506 128 158
210 1 900 498 140 173
211 1 900 498 140 173
212 1 907 527 126 155
