32 1 1134 768 117 178
33 1 1180 817 105 160
34 1 1215 829 115 176
35 1 1221 838 103 158
36 1 1221 818 103 158
37 1 1196 770 113 173
38 1 1190 761 124 190
39 1 1164 711 136 209
40 1 1144 691 136 209
41 1 1124 651 136 209
42 1 1117 621 149 229
43 1 1090 590 163 251
44 1 1070 570 163 251
45 1 1042 537 179 276
46 1 1022 537 179 276
47 1 1002 517 179 276
48 1 1002 517 179 276
49 1 993 523 196 303
50 1 993 523 196 303
51 1 993 543 196 303
52 1 993 543 196 303
53 1 993 583 196 303
54 1 983 558 176 272
55 1 983 538 176 272
56 1 983 538 176 272
57 1 972 532 158 244
58 1 972 532 158 244
59 1 960 544 142 219
60 1 967 555 127 197
61 1 973 545 114 177
62 1 973 545 114 177
63 1 979 534 102 159
64 1 979 514 102 159
65 1 984 522 91 143
66 1 1004 542 91 143
67 1 1024 542 91 143
68 1 1019 535 100 157
69 1 1024 543 90 141
70 1 1068 550 81 126
71 1 1064 524 89 138
72 1 1088 531 80 124
73 1 1048 531 80 124
74 1 1044 505 88 136
75 1 1040 478 96 149
76 1 1035 471 105 163
77 1 1030 463 115 179
78 1 1030 483 115 179
79 1 1024 474 126 196
80 1 998 484 138 215
81 1 998 504 138 215
82 1 958 524 138 215
83 1 971 493 151 236
84 1 979 505 135 212
85 1 972 494 148 233
86 1 932 494 148 233
87 1 965 482 162 256
88 1 945 482 162 256
89 1 965 482 162 256
90 1 977 449 178 281
91 1 988 435 195 309
92 1 968 435 195 309
93 1 968 435 195 309
94 1 968 435 195 309
95 1 968 435 195 309
96 1 1018 470 175 278
97 1 1018 470 175 278
98 1 1009 456 192 305
99 1 1009 456 192 305
100 1 959 441 211 335
101 1 928 464 232 368
102 1 916 466 255 404
103 1 903 466 280 444
104 1 877 528 252 399
105 1 870 568 226 359
106 1 870 568 226 359
107 1 881 566 203 323
108 1 901 566 203 323
109 1 901 566 203 323
110 1 881 566 203 323
111 1 871 550 223 355
112 1 862 588 200 319
113 1 832 592 220 350
