32 1 956 366 106 246
33 1 941 378 95 221
34 1 946 389 85 198
35 1 946 389 85 198
36 1 946 389 85 198
37 1 946 389 85 198
38 1 946 389 85 198
39 1 946 389 85 198
40 1 906 369 85 198
41 1 906 389 85 198
42 1 906 409 85 198
43 1 886 449 85 198
44 1 886 449 85 198
45 1 886 449 85 198
46 1 886 449 85 198
47 1 886 449 85 198
48 1 886 449 85 198
49 1 886 449 85 198
50 1 886 449 85 198
51 1 886 449 85 198
52 1 886 449 85 198
53 1 886 469 85 198
54 1 906 449 85 198
55 1 926 449 85 198
56 1 946 469 85 198
57 1 986 469 85 198
58 1 1026 469 85 198
59 1 1066 469 85 198
60 1 1086 469 85 198
61 1 1086 489 85 198
62 1 1086 489 85 198
63 1 1086 489 85 198
64 1 1086 489 85 198
65 1 1086 509 85 198
66 1 1086 549 85 198
67 1 1106 529 85 198
68 1 1106 549 85 198
69 1 1106 549 85 198
70 1 1106 549 85 198
71 1 1106 549 85 198
72 1 1106 589 85 198
73 1 1126 569 85 198
74 1 1146 549 85 198
75 1 1166 549 85 198
76 1 1166 569 85 198
77 1 1186 529 85 198
78 1 1186 529 85 198
79 1 1186 529 85 198
80 1 1186 489 85 198
81 1 1186 449 85 198
82 1 1226 409 85 198
83 1 1246 369 85 198
84 1 1286 329 85 198
85 1 1306 289 85 198
86 1 1326 249 85 198
87 1 1326 249 85 198
88 1 1326 249 85 198
89 1 1306 209 85 198
90 1 1306 209 85 198
91 1 1306 209 85 198
92 1 1306 209 85 198
93 1 1306 209 85 198
94 1 1306 209 85 198
95 1 1306 209 85 198
96 1 1266 169 85 198
97 1 1266 169 85 198
98 1 1226 129 85 198
99 1 1186 109 85 198
100 1 1146 109 85 198
101 1 1146 109 85 198
102 1 1146 109 85 198
103 1 1106 109 85 198
104 1 1106 109 85 198
105 1 1106 109 85 198
106 1 1106 109 85 198
107 1 1106 109 85 198
108 1 1106 109 85 198
109 1 1106 109 85 198
110 1 1106 109 85 198
111 1 1066 109 85 198
112 1 1026 129 85 198
113 1 1026 149 85 198
114 1 1026 149 85 198
115 1 1026 149 85 198
116 1 1046 149 85 198
117 1 1046 169 85 198
118 1 1066 169 85 198
119 1 1086 169 85 198
120 1 1086 169 85 198
121 1 1086 189 85 198
122 1 1086 189 85 198
123 1 1086 189 85 198
124 1 1086 189 85 198
125 1 1086 189 85 198
126 1 1086 189 85 198
127 1 1086 189 85 198
128 1 1086 189 85 198
129 1 1086 189 85 198
130 1 1086 189 85 198
131 1 1086 189 85 198
132 1 1086 189 85 198
133 1 1046 209 85 198
134 1 1066 249 85 198
135 1 1022 279 93 217
136 1 977 308 102 238
137 1 932 336 112 261
138 1 886 363 123 287
139 1 866 403 123 287
140 1 846 443 123 287
141 1 846 443 123 287
142 1 846 443 123 287
143 1 846 443 123 287
144 1 846 443 123 287
145 1 886 403 123 287
146 1 932 377 110 258
147 1 966 324 121 283
148 1 1000 270 133 311
149 1 1033 214 146 342
150 1 1066 157 160 376
151 1 1086 117 160 376
152 1 1106 77 160 376
153 1 1106 37 160 376
154 1 1106 37 160 376
155 1 1126 17 160 376
156 1 1126 17 160 376
157 1 1126 17 160 376
158 1 1106 57 160 376
159 1 1126 17 160 376
160 1 1126 17 160 376
161 1 1126 17 160 376
162 1 1126 17 160 376
163 1 1086 -23 160 376
164 1 1086 -23 160 376
165 1 1086 17 160 376
166 1 1094 36 144 338
167 1 1047 0 158 371
168 1 999 21 173 408
169 1 1010 0 190 448
170 1 990 20 190 448
171 1 1010 -20 190 448
172 1 1010 -60 190 448
173 1 970 -100 190 448
174 1 940 0 209 492
175 1 950 15 229 541
176 1 959 28 251 595
177 1 986 0 276 654
178 1 960 53 248 588
179 1 992 122 223 529
180 1 983 148 200 476
181 1 973 192 180 428
182 1 982 213 162 385
183 1 970 232 145 346
184 1 970 232 145 346
185 1 957 269 130 311
186 1 963 325 117 279
187 1 943 365 117 279
188 1 943 365 117 279
189 1 923 405 117 279
190 1 923 425 117 279
191 1 923 445 117 279
192 1 923 445 117 279
193 1 923 445 117 279
194 1 923 445 117 279
195 1 923 445 117 279
196 1 923 445 117 279
197 1 923 445 117 279
198 1 923 445 117 279
199 1 923 445 117 279
