97 1 974 298 118 218
98 1 940 309 106 196
99 1 945 319 95 176
100 1 945 339 95 176
101 1 950 348 85 158
102 1 954 356 76 142
103 1 954 356 76 142
104 1 914 356 76 142
105 1 914 356 76 142
106 1 914 356 76 142
107 1 874 376 76 142
108 1 874 376 76 142
109 1 854 396 76 142
110 1 854 396 76 142
111 1 854 396 76 142
112 1 854 396 76 142
113 1 854 396 76 142
114 1 854 396 76 142
115 1 854 396 76 142
116 1 854 396 76 142
117 1 814 356 76 142
118 1 814 356 76 142
119 1 814 356 76 142
120 1 814 356 76 142
121 1 814 356 76 142
122 1 814 356 76 142
123 1 774 376 76 142
124 1 774 396 76 142
125 1 774 416 76 142
126 1 774 436 76 142
127 1 774 436 76 142
128 1 754 476 76 142
129 1 754 476 76 142
130 1 754 476 76 142
131 1 754 476 76 142
132 1 754 476 76 142
133 1 754 476 76 142
134 1 754 476 76 142
135 1 714 496 76 142
136 1 694 516 76 142
137 1 694 516 76 142
138 1 694 516 76 142
139 1 694 516 76 142
140 1 694 516 76 142
141 1 654 516 76 142
142 1 614 556 76 142
143 1 614 556 76 142
144 1 614 556 76 142
145 1 594 596 76 142
146 1 594 616 76 142
147 1 594 616 76 142
148 1 594 636 76 142
149 1 594 636 76 142
150 1 594 656 76 142
151 1 594 696 76 142
152 1 614 696 76 142
153 1 614 716 76 142
154 1 614 756 76 142
155 1 614 776 76 142
156 1 614 816 76 142
157 1 614 836 76 142
158 1 614 856 76 142
159 1 634 856 76 142
160 1 650 889 83 156
161 1 650 929 83 156
162 1 630 969 83 156
163 1 630 969 83 156
164 1 630 969 83 156
165 1 630 969 83 156
166 1 630 969 83 156
167 1 630 969 83 156
168 1 630 969 83 156
169 1 630 969 83 156
170 1 590 929 83 156
171 1 590 889 83 156
172 1 590 849 83 156
173 1 570 809 83 156
174 1 570 769 83 156
175 1 570 769 83 156
176 1 550 729 83 156
177 1 550 689 83 156
178 1 530 649 83 156
179 1 530 649 83 156
180 1 510 609 83 156
181 1 510 609 83 156
182 1 510 609 83 156
183 1 510 569 83 156
184 1 510 569 83 156
185 1 530 569 83 156
186 1 530 569 83 156
187 1 530 589 83 156
188 1 550 589 83 156
189 1 550 589 83 156
190 1 550 589 83 156
191 1 550 589 83 156
192 1 550 589 83 156
193 1 550 589 83 156
194 1 550 609 83 156
195 1 570 609 83 156
196 1 570 629 83 156
197 1 570 649 83 156
198 1 570 649 83 156
199 1 550 689 83 156
200 1 550 689 83 156
201 1 550 689 83 156
202 1 550 689 83 156
203 1 550 689 83 156
204 1 550 689 83 156
205 1 550 689 83 156
206 1 550 689 83 156
207 1 550 689 83 156
208 1 550 689 83 156
209 1 550 689 83 156
210 1 550 689 83 156
211 1 550 689 83 156
212 1 550 689 83 156
213 1 550 689 83 156
214 1 550 689 83 156
215 1 550 689 83 156
216 1 550 689 83 156
217 1 550 689 83 156
218 1 550 689 83 156
219 1 550 689 83 156
220 1 550 689 83 156
221 1 550 689 83 156
222 1 550 689 83 156
223 1 550 689 83 156
224 1 550 689 83 156
225 1 550 689 83 156
226 1 550 689 83 156
227 1 550 689 83 156
228 1 550 689 83 156
229 1 550 689 83 156
230 1 550 689 83 156
231 1 550 689 83 156
232 1 550 689 83 156
233 1 550 689 83 156
234 1 550 689 83 156
235 1 550 689 83 156
236 1 550 689 83 156
237 1 550 689 83 156
238 1 550 689 83 156
239 1 550 689 83 156
240 1 550 689 83 156
241 1 550 689 83 156
242 1 550 689 83 156
243 1 550 689 83 156
244 1 510 689 83 156
245 1 510 689 83 156
246 1 470 689 83 156
247 1 470 689 83 156
248 1 470 689 83 156
249 1 470 689 83 156
250 1 450 709 83 156
251 1 450 709 83 156
252 1 450 709 83 156
253 1 450 709 83 156
254 1 450 709 83 156
255 1 450 709 83 156
256 1 450 709 83 156
257 1 450 709 83 156
258 1 450 709 83 156
259 1 450 709 83 156
