55 1 818 462 144 138
56 1 798 422 144 138
57 1 805 429 129 124
58 1 791 435 116 111
59 1 817 401 104 99
60 1 842 406 93 89
61 1 837 402 102 97
62 1 862 387 91 87
63 1 862 387 91 87
64 1 822 427 91 87
65 1 842 407 91 87
66 1 847 431 81 78
67 1 891 475 72 70
68 1 935 458 64 63
69 1 932 495 70 69
70 1 948 472 77 75
71 1 928 492 77 75
72 1 888 512 77 75
73 1 884 508 84 82
74 1 884 508 84 82
75 1 884 508 84 82
76 1 884 528 84 82
77 1 888 532 75 73
78 1 884 528 82 80
79 1 880 524 90 88
80 1 880 504 90 88
81 1 884 528 81 79
82 1 880 504 89 86
83 1 880 524 89 86
84 1 924 568 80 77
85 1 880 604 88 84
86 1 864 568 79 75
87 1 860 564 86 82
88 1 860 564 86 82
89 1 860 564 86 82
90 1 856 560 94 90
91 1 856 540 94 90
92 1 891 495 103 99
93 1 886 530 113 108
94 1 880 525 124 118
95 1 880 525 124 118
96 1 900 545 124 118
97 1 934 579 136 129
98 1 914 579 136 129
99 1 907 533 149 141
100 1 907 573 149 141
101 1 887 573 149 141
102 1 887 573 149 141
103 1 914 600 134 126
104 1 894 560 134 126
105 1 927 514 147 138
106 1 927 514 147 138
107 1 974 561 132 124
108 1 961 567 118 111
109 1 961 547 118 111
110 1 967 553 106 99
111 1 992 598 95 89
112 1 992 578 95 89
113 1 992 598 95 89
114 1 987 574 104 97
115 1 992 599 93 87
116 1 1007 615 102 95
117 1 992 600 91 85
118 1 992 600 91 85
119 1 1007 596 100 93
120 1 1007 616 100 93
121 1 992 601 90 83
122 1 987 597 99 91
123 1 1032 642 89 81
124 1 1048 658 97 89
125 1 1073 642 87 80
126 1 1037 626 78 72
127 1 1037 626 78 72
128 1 1057 606 78 72
129 1 1021 590 70 64
130 1 1037 587 77 70
131 1 1017 547 77 70
132 1 1021 550 69 63
133 1 984 533 62 56
134 1 987 556 55 50
135 1 987 556 55 50
136 1 987 556 55 50
137 1 987 556 55 50
138 1 947 576 55 50
139 1 990 558 49 45
140 1 972 560 44 40
141 1 932 560 44 40
142 1 932 560 44 40
143 1 952 560 44 40
144 1 934 562 39 36
145 1 934 562 39 36
146 1 932 560 42 39
147 1 910 598 46 42
148 1 952 620 41 37
149 1 910 578 45 40
150 1 908 536 49 44
151 1 890 578 44 39
152 1 850 538 44 39
153 1 812 580 39 35
154 1 812 580 39 35
155 1 830 558 42 38
156 1 808 556 46 41
157 1 788 556 46 41
158 1 770 578 41 36
159 1 770 578 41 36
160 1 752 600 36 32
161 1 772 600 36 32
162 1 770 618 39 35
163 1 750 618 39 35
164 1 752 640 35 31
165 1 754 642 31 27
166 1 732 621 34 29
167 1 690 580 37 31
168 1 708 578 40 34
169 1 708 578 40 34
170 1 690 580 36 30
171 1 690 580 36 30
172 1 732 581 32 27
173 1 714 602 28 24
174 1 715 563 25 21
175 1 716 544 22 18
176 1 696 544 22 18
