55 1 871 535 158 151
56 1 899 543 142 135
57 1 906 550 127 121
58 1 900 504 139 133
59 1 947 471 125 119
60 1 953 477 112 107
61 1 987 452 123 117
62 1 947 472 123 117
63 1 981 466 135 128
64 1 1028 432 121 115
65 1 1042 426 133 126
66 1 1035 420 146 138
67 1 1055 440 146 138
68 1 1048 393 160 151
69 1 1060 365 176 166
70 1 1089 413 158 149
71 1 1089 433 158 149
72 1 1129 413 158 149
73 1 1101 406 173 163
74 1 1121 386 173 163
75 1 1101 426 173 163
76 1 1092 438 190 179
77 1 1121 407 171 161
78 1 1092 399 188 177
79 1 1092 379 188 177
80 1 1092 419 188 177
81 1 1101 448 169 159
82 1 1129 436 152 143
83 1 1129 436 152 143
84 1 1121 409 167 157
85 1 1101 409 167 157
86 1 1121 429 167 157
87 1 1113 421 183 172
88 1 1113 441 183 172
89 1 1122 450 164 154
90 1 1150 438 147 138
91 1 1103 451 161 151
92 1 1115 463 177 166
93 1 1106 455 194 182
94 1 1116 486 213 200
95 1 1145 476 234 220
96 1 1105 456 234 220
97 1 1097 447 210 198
98 1 1097 447 210 198
99 1 1107 477 189 178
100 1 1136 446 170 160
101 1 1136 486 170 160
102 1 1124 494 153 144
103 1 1116 507 168 158
104 1 1144 475 151 142
105 1 1156 468 166 156
106 1 1124 496 149 140
107 1 1131 543 134 126
108 1 1158 509 120 113
109 1 1124 535 108 101
110 1 1144 535 108 101
111 1 1144 555 108 101
112 1 1119 570 118 111
113 1 1105 536 106 99
114 1 1120 551 116 108
115 1 1146 576 104 97
116 1 1171 581 93 87
117 1 1211 541 93 87
118 1 1211 541 93 87
119 1 1171 581 93 87
120 1 1146 577 102 95
121 1 1146 577 102 95
122 1 1146 577 102 95
123 1 1141 592 112 104
124 1 1121 552 112 104
125 1 1135 567 123 114
126 1 1175 527 123 114
127 1 1155 547 123 114
128 1 1155 527 123 114
129 1 1155 507 123 114
130 1 1115 467 123 114
131 1 1149 501 135 125
132 1 1162 495 148 137
133 1 1169 462 133 123
134 1 1176 448 119 110
135 1 1156 468 119 110
136 1 1150 502 130 121
137 1 1123 496 143 133
138 1 1116 509 157 146
139 1 1084 516 141 131
140 1 1084 536 141 131
141 1 1057 509 155 144
142 1 1049 502 170 158
143 1 1077 510 153 142
144 1 1065 517 137 127
145 1 1072 483 123 114
146 1 1118 469 110 102
147 1 1152 504 121 112
148 1 1192 504 121 112
149 1 1218 530 108 100
150 1 1263 575 97 90
151 1 1248 619 87 81
152 1 1252 603 78 72
153 1 1268 639 85 79
154 1 1288 659 85 79
155 1 1268 659 85 79
156 1 1268 639 85 79
157 1 1228 659 85 79
158 1 1188 659 85 79
159 1 1208 639 85 79
160 1 1244 595 93 86
161 1 1284 555 93 86
162 1 1289 559 83 77
163 1 1333 583 74 69
164 1 1349 580 81 75
165 1 1345 576 89 82
166 1 1301 552 97 90
167 1 1281 552 97 90
168 1 1306 556 87 81
169 1 1302 552 95 89
170 1 1287 556 85 80
171 1 1287 556 85 80
172 1 1287 556 85 80
173 1 1287 556 85 80
174 1 1287 556 85 80
175 1 1307 556 85 80
176 1 1283 552 93 88
