41 1 904 808 220 268
42 1 904 808 220 268
43 1 884 768 220 268
44 1 864 728 220 268
45 1 864 688 220 268
46 1 864 648 220 268
47 1 864 608 220 268
48 1 864 568 220 268
49 1 864 568 220 268
50 1 864 528 220 268
51 1 864 528 220 268
52 1 844 488 220 268
53 1 844 488 220 268
54 1 844 448 220 268
55 1 844 448 220 268
56 1 844 448 220 268
57 1 844 428 220 268
58 1 844 428 220 268
59 1 844 428 220 268
60 1 844 428 220 268
61 1 844 428 220 268
62 1 844 428 220 268
63 1 844 428 220 268
64 1 844 428 220 268
65 1 864 408 220 268
66 1 864 408 220 268
67 1 884 388 220 268
68 1 884 388 220 268
69 1 884 388 220 268
70 1 904 388 220 268
71 1 904 388 220 268
72 1 924 388 220 268
73 1 924 388 220 268
74 1 944 368 220 268
75 1 944 368 220 268
76 1 944 368 220 268
77 1 944 368 220 268
78 1 944 368 220 268
79 1 944 368 220 268
80 1 944 328 220 268
81 1 944 328 220 268
82 1 944 308 220 268
83 1 944 308 220 268
84 1 944 308 220 268
85 1 944 308 220 268
86 1 944 308 220 268
87 1 944 308 220 268
88 1 944 308 220 268
89 1 944 308 220 268
90 1 944 308 220 268
91 1 944 308 220 268
92 1 944 308 220 268
93 1 944 308 220 268
94 1 944 308 220 268
95 1 944 308 220 268
96 1 944 308 220 268
97 1 904 288 220 268
98 1 915 301 198 241
99 1 915 301 198 241
100 1 925 313 178 216
101 1 945 313 178 216
102 1 945 313 178 216
103 1 945 313 178 216
104 1 945 313 178 216
105 1 945 313 178 216
106 1 945 313 178 216
107 1 945 313 178 216
108 1 945 313 178 216
109 1 945 313 178 216
110 1 945 313 178 216
111 1 945 293 178 216
112 1 965 273 178 216
113 1 965 273 178 216
114 1 965 273 178 216
115 1 965 273 178 216
116 1 985 253 178 216
117 1 985 253 178 216
118 1 985 253 178 216
119 1 985 253 178 216
120 1 965 293 178 216
121 1 965 293 178 216
122 1 965 293 178 216
123 1 985 273 178 216
124 1 985 273 178 216
125 1 985 273 178 216
126 1 985 273 178 216
127 1 985 273 178 216
128 1 985 273 178 216
129 1 985 273 178 216
130 1 985 273 178 216
131 1 985 273 178 216
132 1 985 273 178 216
133 1 985 273 178 216
134 1 985 273 178 216
135 1 985 273 178 216
136 1 985 273 178 216
137 1 985 273 178 216
138 1 985 273 178 216
139 1 985 273 178 216
140 1 985 273 178 216
141 1 985 273 178 216
142 1 985 273 178 216
143 1 985 273 178 216
144 1 985 273 178 216
145 1 985 273 178 216
