55 1 818 462 144 138
56 1 798 422 144 138
57 1 805 429 129 124
58 1 791 435 116 111
59 1 817 401 104 99
60 1 842 406 93 89
61 1 837 402 102 97
62 1 862 387 91 87
63 1 862 387 91 87
64 1 822 427 91 87
65 1 842 407 91 87
66 1 847 431 81 78
67 1 891 475 72 70
68 1 935 458 64 63
69 1 932 495 70 69
70 1 948 472 77 75
71 1 928 492 77 75
72 1 888 512 77 75
73 1 884 508 84 82
74 1 884 508 84 82
75 1 884 508 84 82
76 1 884 528 84 82
77 1 888 532 75 73
78 1 884 528 82 80
79 1 880 524 90 88
80 1 880 504 90 88
81 1 884 528 81 79
82 1 880 504 89 86
83 1 880 524 89 86
84 1 924 568 80 77
85 1 880 604 88 84
86 1 864 568 79 75
