55 1 894 265 223 311
56 1 885 301 200 279
57 1 855 355 180 251
58 1 855 375 180 251
59 1 844 388 162 225
60 1 836 397 178 247
61 1 836 397 178 247
62 1 836 397 178 247
63 1 836 397 178 247
64 1 827 385 195 271
65 1 857 419 175 243
66 1 877 419 175 243
67 1 868 407 192 267
68 1 888 407 192 267
69 1 888 427 192 267
70 1 888 427 192 267
71 1 908 447 192 267
72 1 938 460 172 240
73 1 958 460 172 240
74 1 958 480 172 240
75 1 978 500 172 240
76 1 1018 500 172 240
77 1 1018 500 172 240
78 1 1038 480 172 240
79 1 1018 480 172 240
80 1 1018 460 172 240
81 1 1018 480 172 240
82 1 1029 468 189 264
83 1 1058 501 170 237
84 1 1038 481 170 237
85 1 1058 481 170 237
86 1 1086 493 153 213
87 1 1078 482 168 234
88 1 1098 482 168 234
89 1 1078 482 168 234
90 1 1086 494 151 210
91 1 1058 503 166 231
92 1 1058 503 166 231
93 1 1030 491 182 254
94 1 1059 524 163 228
95 1 1039 504 163 228
96 1 1039 504 163 228
97 1 1039 504 163 228
98 1 1039 504 163 228
99 1 1039 504 163 228
100 1 1031 493 179 250
101 1 1022 460 196 275
102 1 1012 446 215 302
103 1 1023 441 193 271
104 1 1023 421 193 271
105 1 1033 387 212 298
106 1 1042 352 233 327
107 1 1094 348 209 294
108 1 1124 313 229 323
109 1 1133 297 251 355
110 1 1140 279 276 390
111 1 1166 279 303 429
112 1 1221 300 272 386
113 1 1261 320 272 386
114 1 1247 341 299 424
115 1 1262 362 269 381
116 1 1282 362 269 381
117 1 1262 382 269 381
118 1 1222 382 269 381
119 1 1202 382 269 381
120 1 1149 383 295 419
121 1 1124 404 265 377
122 1 1097 443 238 339
123 1 1065 446 261 372
124 1 1045 446 261 372
125 1 1025 446 261 372
126 1 1025 446 261 372
127 1 1005 446 261 372
128 1 985 426 261 372
129 1 985 426 261 372
130 1 965 426 261 372
131 1 965 426 261 372
132 1 965 446 261 372
133 1 965 426 261 372
134 1 952 407 287 409
135 1 952 407 287 409
136 1 978 367 315 449
137 1 942 305 346 493
138 1 922 305 346 493
139 1 902 325 346 493
140 1 902 325 346 493
141 1 902 305 346 493
142 1 922 305 346 493
143 1 925 280 380 542
144 1 924 307 342 487
145 1 907 323 376 535
146 1 887 323 376 535
147 1 887 323 376 535
148 1 887 323 376 535
149 1 886 310 338 481
150 1 923 374 304 432
151 1 938 416 273 388
152 1 952 415 245 349
153 1 952 415 245 349
154 1 964 432 220 314
155 1 933 416 242 345
156 1 945 413 217 310
157 1 934 397 238 341
158 1 954 377 238 341
159 1 974 377 238 341
160 1 1006 394 214 306
161 1 1037 409 192 275
162 1 1037 409 192 275
163 1 1047 423 172 247
164 1 1096 395 154 222
165 1 1104 406 138 199
166 1 1124 426 138 199
167 1 1164 426 138 199
168 1 1204 446 138 199
169 1 1244 446 138 199
170 1 1257 456 151 218
171 1 1257 456 151 218
172 1 1249 465 166 239
173 1 1249 465 166 239
174 1 1229 465 166 239
175 1 1217 457 149 215
176 1 1230 446 163 236
177 1 1218 458 146 212
178 1 1211 427 160 233
179 1 1211 427 160 233
180 1 1219 419 144 209
181 1 1192 409 158 229
182 1 1192 409 158 229
183 1 1180 400 142 206
184 1 1167 410 127 185
185 1 1121 421 139 203
186 1 1074 451 152 223
187 1 1046 460 167 245
188 1 1054 492 150 220
189 1 1054 492 150 220
190 1 1061 503 135 198
191 1 1068 513 121 178
192 1 1068 513 121 178
193 1 1068 513 121 178
194 1 1082 504 133 195
195 1 1082 504 133 195
196 1 1089 494 119 175
197 1 1095 503 107 157
198 1 1110 495 117 172
199 1 1104 486 128 189
200 1 1084 506 128 189
201 1 1038 517 140 207
202 1 991 487 154 227
203 1 1003 476 169 249
204 1 995 444 185 273
205 1 1026 390 203 300
206 1 1036 385 182 270
207 1 1036 385 182 270
208 1 1036 385 182 270
209 1 1036 385 182 270
210 1 1036 385 182 270
211 1 1036 385 182 270
212 1 1036 385 182 270
213 1 1027 371 200 297
214 1 1027 371 200 297
215 1 1037 366 180 267
216 1 1037 366 180 267
217 1 1028 353 198 293
218 1 1028 353 198 293
219 1 1028 353 198 293
220 1 1028 353 198 293
221 1 1028 353 198 293
222 1 998 358 217 322
223 1 989 414 195 289
224 1 979 408 175 260
225 1 979 408 175 260
226 1 968 401 157 234
227 1 960 389 172 257
228 1 971 376 189 282
229 1 971 356 189 282
230 1 971 336 189 282
231 1 1000 330 170 253
232 1 1020 330 170 253
233 1 1031 317 187 278
234 1 1051 317 187 278
235 1 1060 311 168 250
236 1 1052 298 184 275
237 1 1052 298 184 275
238 1 1052 278 184 275
239 1 1052 278 184 275
240 1 1061 292 165 247
241 1 1033 280 181 271
242 1 1033 280 181 271
243 1 1042 294 162 243
244 1 1022 294 162 243
245 1 994 302 178 267
246 1 963 315 160 240
247 1 915 303 176 264
248 1 904 316 158 237
249 1 872 328 142 213
250 1 825 337 156 234
251 1 785 357 156 234
252 1 745 377 156 234
253 1 713 389 140 210
254 1 673 409 140 210
255 1 633 429 140 210
256 1 600 439 126 189
257 1 566 408 113 170
