77 1 1271 418 154 266
78 1 1243 385 169 292
79 1 1215 390 185 321
80 1 1166 354 203 353
81 1 1146 354 203 353
82 1 1106 354 203 353
83 1 1066 334 203 353
84 1 1056 352 182 317
85 1 1016 352 182 317
86 1 976 352 182 317
87 1 965 368 163 285
88 1 953 382 146 256
89 1 960 415 131 230
90 1 967 426 117 207
91 1 961 416 128 227
92 1 961 416 128 227
93 1 961 436 128 227
94 1 935 445 140 249
95 1 922 457 126 224
96 1 896 466 138 246
97 1 903 478 124 221
98 1 877 487 136 243
99 1 884 499 122 218
100 1 884 499 122 218
101 1 858 488 134 239
102 1 871 476 147 262
103 1 864 463 161 288
104 1 836 449 177 316
105 1 865 445 159 284
106 1 857 431 174 312
107 1 848 415 191 343
108 1 838 398 210 377
109 1 858 418 210 377
110 1 867 419 231 414
111 1 887 439 231 414
112 1 939 460 207 372
113 1 959 460 207 372
114 1 979 460 207 372
115 1 989 479 186 334
116 1 989 479 186 334
117 1 980 462 204 367
118 1 980 462 204 367
119 1 970 424 224 403
120 1 939 404 246 443
121 1 919 404 246 443
122 1 907 422 270 487
123 1 907 422 270 487
124 1 873 438 297 535
125 1 848 445 267 481
126 1 828 445 267 481
127 1 808 445 267 481
128 1 795 441 293 529
129 1 775 461 293 529
130 1 760 455 322 581
131 1 724 446 354 634
132 1 724 466 354 634
133 1 704 486 354 634
134 1 726 474 389 606
135 1 785 524 350 545
136 1 822 591 315 489
137 1 838 655 283 425
138 1 832 696 254 382
139 1 872 716 254 382
140 1 865 755 228 325
141 1 856 751 205 292
142 1 856 731 205 292
143 1 836 731 205 292
144 1 816 731 205 292
145 1 816 731 205 292
146 1 816 731 205 292
147 1 796 691 205 292
148 1 796 691 205 292
149 1 796 691 205 292
150 1 796 691 205 292
151 1 796 691 205 292
152 1 796 691 205 292
153 1 796 691 205 292
154 1 796 711 205 292
155 1 796 711 205 292
156 1 806 706 184 262
157 1 806 686 184 262
158 1 806 686 184 262
159 1 806 686 184 262
160 1 806 686 184 262
161 1 786 646 184 262
162 1 815 659 165 235
163 1 795 679 165 235
164 1 835 639 165 235
165 1 823 631 148 211
166 1 776 640 162 232
167 1 768 588 178 255
168 1 799 575 195 280
169 1 769 609 175 252
170 1 758 622 157 226
171 1 746 653 141 203
172 1 753 703 126 182
173 1 799 732 113 163
174 1 799 732 113 163
175 1 793 744 124 179
176 1 779 733 111 161
177 1 739 713 111 161
178 1 745 681 99 144
179 1 770 708 89 129
180 1 814 734 80 116
181 1 790 748 88 127
182 1 754 754 79 114
183 1 710 788 86 125
184 1 714 794 77 112
185 1 758 780 69 100
186 1 741 785 62 90
187 1 744 789 55 81
188 1 727 793 49 72
189 1 709 797 44 64
190 1 751 780 39 57
191 1 789 817 42 62
192 1 767 834 46 68
193 1 809 837 41 61
194 1 791 840 36 54
195 1 793 843 32 48
196 1 795 845 28 43
197 1 776 867 25 38
198 1 757 869 22 34
199 1 758 871 19 30
200 1 799 872 17 27
201 1 840 913 15 24
202 1 819 892 16 26
203 1 780 913 14 23
204 1 801 874 12 20
205 1 822 875 10 18
206 1 842 876 9 16
207 1 842 855 9 17
208 1 882 856 8 15
209 1 862 876 8 15
210 1 862 855 8 16
211 1 882 816 7 14
212 1 922 777 6 12
213 1 882 757 6 12
214 1 902 736 6 13
215 1 902 715 6 14
216 1 902 696 5 12
217 1 882 655 5 13
218 1 862 654 5 14
219 1 902 675 4 12
220 1 922 696 3 10
221 1 902 696 2 9
222 1 902 696 2 9
223 1 862 656 1 8
