66 1 792 426 142 108
67 1 779 451 127 97
68 1 765 456 114 87
69 1 751 480 102 78
70 1 756 484 91 70
71 1 756 484 91 70
72 1 716 484 91 70
73 1 716 484 91 70
74 1 716 484 91 70
75 1 716 484 91 70
76 1 716 484 91 70
77 1 716 484 91 70
78 1 716 484 91 70
79 1 716 484 91 70
80 1 736 504 91 70
81 1 756 504 91 70
82 1 776 504 91 70
83 1 796 504 91 70
84 1 816 504 91 70
85 1 816 504 91 70
86 1 836 504 91 70
87 1 836 524 91 70
88 1 836 524 91 70
89 1 836 524 91 70
90 1 856 524 91 70
91 1 856 524 91 70
92 1 856 524 91 70
93 1 856 544 91 70
94 1 856 564 91 70
95 1 856 584 91 70
96 1 861 607 81 63
97 1 881 607 81 63
98 1 901 607 81 63
99 1 921 607 81 63
100 1 921 627 81 63
101 1 961 627 81 63
102 1 981 607 81 63
103 1 1001 607 81 63
104 1 1005 630 72 56
105 1 1025 610 72 56
106 1 1045 610 72 56
107 1 1085 590 72 56
108 1 1125 550 72 56
109 1 1129 573 64 50
110 1 1129 573 64 50
111 1 1152 575 57 45
112 1 1175 577 51 40
113 1 1178 579 45 36
114 1 1218 579 45 36
115 1 1178 579 45 36
116 1 1178 579 45 36
117 1 1178 579 45 36
118 1 1158 579 45 36
119 1 1158 579 45 36
120 1 1196 557 49 39
121 1 1176 537 49 39
122 1 1176 517 49 39
123 1 1176 517 49 39
124 1 1156 497 49 39
125 1 1116 477 49 39
126 1 1076 437 49 39
127 1 1076 437 49 39
128 1 1036 397 49 39
129 1 1036 397 49 39
130 1 1036 397 49 39
131 1 1036 397 49 39
132 1 1036 397 49 39
133 1 996 357 49 39
134 1 996 357 49 39
135 1 996 357 49 39
136 1 996 357 49 39
137 1 976 397 49 39
138 1 976 417 49 39
139 1 976 437 49 39
140 1 996 437 49 39
141 1 1036 417 49 39
142 1 1054 455 53 42
143 1 1091 493 58 46
144 1 1094 495 52 41
145 1 1097 497 46 36
146 1 1137 457 46 36
147 1 1177 417 46 36
148 1 1159 379 41 32
149 1 1179 379 41 32
150 1 1179 379 41 32
151 1 1161 421 36 28
152 1 1181 381 36 28
153 1 1203 342 32 25
154 1 1243 342 32 25
155 1 1223 322 32 25
156 1 1223 322 32 25
157 1 1223 322 32 25
158 1 1223 322 32 25
159 1 1223 322 32 25
160 1 1223 322 32 25
161 1 1223 322 32 25
162 1 1223 322 32 25
163 1 1223 322 32 25
164 1 1223 322 32 25
165 1 1223 322 32 25
166 1 1223 322 32 25
167 1 1223 322 32 25
168 1 1183 362 32 25
169 1 1143 402 32 25
170 1 1163 442 32 25
171 1 1163 482 32 25
172 1 1203 522 32 25
173 1 1203 562 32 25
174 1 1203 582 32 25
175 1 1203 582 32 25
176 1 1245 583 28 22
177 1 1245 583 28 22
178 1 1245 543 28 22
179 1 1245 543 28 22
180 1 1265 543 28 22
181 1 1265 543 28 22
182 1 1306 584 25 19
183 1 1286 544 25 19
184 1 1286 544 25 19
185 1 1286 584 25 19
186 1 1306 604 25 19
187 1 1326 604 25 19
188 1 1326 604 25 19
189 1 1346 564 25 19
190 1 1366 544 25 19
191 1 1386 564 25 19
192 1 1346 564 25 19
193 1 1346 564 25 19
194 1 1346 584 25 19
195 1 1346 584 25 19
196 1 1346 584 25 19
