56 1 844 502 180 142
57 1 813 549 162 127
58 1 801 575 145 114
59 1 761 615 145 114
60 1 721 595 145 114
61 1 681 615 145 114
62 1 694 609 159 125
63 1 694 609 159 125
64 1 686 603 174 137
65 1 686 603 174 137
66 1 686 603 174 137
67 1 686 603 174 137
68 1 686 603 174 137
69 1 657 616 191 150
70 1 657 616 191 150
71 1 657 636 191 150
72 1 657 636 191 150
73 1 677 636 191 150
74 1 647 623 171 135
75 1 638 636 188 148
76 1 647 643 169 133
77 1 655 650 152 119
78 1 635 670 152 119
79 1 655 670 152 119
80 1 647 664 167 130
81 1 619 677 183 143
82 1 639 677 183 143
83 1 639 677 183 143
84 1 619 657 183 143
85 1 619 637 183 143
86 1 619 617 183 143
87 1 648 604 164 128
88 1 648 604 164 128
89 1 688 624 164 128
90 1 688 624 164 128
91 1 688 624 164 128
92 1 708 604 164 128
93 1 708 604 164 128
94 1 708 604 164 128
95 1 688 584 164 128
96 1 688 564 164 128
97 1 688 564 164 128
98 1 688 564 164 128
99 1 688 564 164 128
100 1 688 564 164 128
101 1 688 564 164 128
102 1 688 564 164 128
103 1 680 558 180 140
104 1 700 558 180 140
105 1 720 558 180 140
106 1 720 558 180 140
107 1 720 558 180 140
108 1 720 558 180 140
109 1 720 558 180 140
110 1 720 558 180 140
111 1 680 578 180 140
112 1 680 578 180 140
113 1 689 585 162 126
114 1 649 605 162 126
115 1 669 605 162 126
116 1 629 625 162 126
117 1 669 625 162 126
118 1 649 645 162 126
119 1 681 659 178 138
120 1 681 679 178 138
121 1 670 686 160 124
122 1 670 706 160 124
123 1 670 726 160 124
124 1 670 746 160 124
125 1 710 786 160 124
126 1 670 786 160 124
127 1 718 832 144 111
128 1 678 812 144 111
129 1 725 858 129 99
130 1 705 858 129 99
131 1 731 883 116 89
132 1 737 887 104 80
133 1 722 871 93 72
134 1 742 871 93 72
135 1 727 855 83 64
136 1 747 835 83 64
137 1 747 815 83 64
138 1 787 835 83 64
139 1 747 795 83 64
140 1 767 795 83 64
141 1 767 775 83 64
142 1 783 772 91 70
143 1 783 752 91 70
144 1 783 732 91 70
145 1 783 732 91 70
146 1 763 712 91 70
147 1 748 695 81 63
148 1 708 655 81 63
149 1 708 635 81 63
150 1 752 618 72 56
151 1 752 658 72 56
152 1 752 658 72 56
153 1 732 638 72 56
154 1 728 635 79 61
155 1 748 635 79 61
156 1 748 635 79 61
157 1 748 635 79 61
158 1 768 635 79 61
159 1 788 635 79 61
160 1 768 615 79 61
161 1 768 615 79 61
162 1 788 615 79 61
163 1 788 615 79 61
164 1 788 615 79 61
165 1 808 615 79 61
166 1 828 615 79 61
167 1 824 612 86 67
168 1 824 612 86 67
169 1 820 609 94 73
170 1 820 609 94 73
171 1 845 593 84 65
172 1 845 593 84 65
173 1 845 593 84 65
174 1 845 593 84 65
175 1 845 593 84 65
176 1 865 613 84 65
177 1 825 593 84 65
178 1 825 593 84 65
179 1 845 613 84 65
180 1 849 616 75 58
181 1 853 619 67 52
182 1 853 619 67 52
183 1 853 619 67 52
184 1 813 599 67 52
185 1 813 599 67 52
186 1 813 599 67 52
187 1 796 582 60 46
188 1 796 582 60 46
189 1 816 602 60 46
190 1 796 602 60 46
191 1 796 622 60 46
192 1 799 644 54 41
193 1 779 644 54 41
194 1 779 664 54 41
195 1 776 662 59 45
196 1 776 662 59 45
197 1 776 662 59 45
198 1 776 662 59 45
199 1 776 662 59 45
200 1 776 662 59 45
201 1 776 662 59 45
202 1 776 662 59 45
203 1 776 662 59 45
204 1 776 662 59 45
