57 1 749 597 149 117
58 1 709 577 149 117
59 1 682 591 163 128
60 1 682 591 163 128
61 1 674 605 179 140
62 1 674 605 179 140
63 1 674 605 179 140
64 1 674 605 179 140
65 1 674 605 179 140
66 1 674 605 179 140
67 1 674 605 179 140
68 1 674 605 179 140
69 1 634 625 179 140
70 1 654 625 179 140
71 1 663 632 161 126
72 1 663 632 161 126
73 1 663 632 161 126
74 1 663 632 161 126
75 1 663 632 161 126
76 1 635 646 177 138
77 1 644 653 159 124
78 1 644 653 159 124
79 1 644 653 159 124
80 1 636 667 174 136
81 1 636 667 174 136
82 1 627 680 191 149
83 1 627 680 191 149
84 1 627 660 191 149
85 1 607 640 191 149
86 1 617 613 210 163
87 1 647 601 189 146
88 1 676 628 170 131
89 1 676 628 170 131
90 1 676 628 170 131
91 1 696 608 170 131
92 1 696 608 170 131
93 1 696 608 170 131
94 1 676 588 170 131
95 1 676 568 170 131
96 1 676 568 170 131
97 1 676 568 170 131
98 1 667 561 187 144
99 1 667 561 187 144
100 1 687 561 187 144
101 1 687 561 187 144
102 1 687 561 187 144
103 1 678 554 205 158
104 1 678 554 205 158
105 1 678 554 205 158
106 1 678 554 205 158
107 1 678 554 205 158
108 1 718 554 205 158
109 1 718 554 205 158
110 1 728 562 184 142
111 1 728 562 184 142
112 1 688 582 184 142
113 1 697 589 165 127
114 1 685 595 148 114
115 1 645 615 148 114
116 1 685 615 148 114
117 1 645 635 148 114
118 1 625 655 148 114
119 1 645 675 148 114
120 1 665 675 148 114
121 1 665 695 148 114
122 1 692 701 133 102
123 1 652 741 133 102
124 1 699 786 119 91
125 1 679 766 119 91
126 1 673 781 130 100
127 1 713 821 130 100
128 1 673 821 130 100
129 1 719 866 117 90
130 1 719 866 117 90
131 1 725 870 105 81
132 1 725 870 105 81
133 1 725 870 105 81
134 1 750 874 94 72
135 1 735 858 84 64
136 1 735 838 84 64
137 1 739 821 75 57
138 1 759 821 75 57
139 1 759 801 75 57
140 1 779 801 75 57
141 1 799 801 75 57
142 1 799 781 75 57
143 1 799 761 75 57
144 1 783 744 67 51
145 1 786 727 60 45
146 1 786 727 60 45
147 1 786 707 60 45
148 1 766 687 60 45
149 1 769 669 54 40
150 1 772 671 48 36
151 1 732 631 48 36
152 1 754 653 43 32
153 1 754 653 43 32
154 1 754 653 43 32
155 1 776 655 38 28
156 1 816 675 38 28
157 1 816 675 38 28
158 1 816 675 38 28
159 1 796 635 38 28
160 1 796 635 38 28
161 1 776 615 38 28
162 1 796 615 38 28
163 1 796 615 38 28
164 1 794 614 41 30
165 1 832 632 45 33
166 1 812 612 45 33
167 1 850 630 49 36
168 1 828 608 53 39
169 1 868 628 53 39
170 1 868 628 53 39
171 1 865 626 58 42
172 1 862 604 63 46
173 1 862 604 63 46
174 1 862 604 63 46
175 1 862 604 63 46
176 1 882 624 63 46
177 1 882 624 63 46
178 1 862 624 63 46
179 1 862 624 63 46
180 1 862 624 63 46
181 1 822 604 63 46
182 1 819 602 69 50
183 1 839 622 69 50
184 1 839 622 69 50
185 1 839 622 69 50
186 1 819 602 69 50
187 1 819 602 69 50
188 1 819 602 69 50
189 1 819 602 69 50
190 1 799 602 69 50
191 1 799 622 69 50
192 1 759 622 69 50
193 1 759 642 69 50
194 1 759 642 69 50
195 1 759 662 69 50
196 1 782 664 62 45
197 1 782 664 62 45
198 1 782 664 62 45
199 1 782 664 62 45
200 1 782 664 62 45
201 1 782 664 62 45
202 1 782 664 62 45
203 1 762 644 62 45
204 1 762 644 62 45
