135 1 996 515 90 154
136 1 991 507 99 169
137 1 966 499 108 185
138 1 946 499 108 185
139 1 926 499 108 185
140 1 921 510 118 203
141 1 881 510 118 203
142 1 875 500 129 223
143 1 855 500 129 223
144 1 855 520 129 223
145 1 861 531 116 200
146 1 855 541 127 220
147 1 855 541 127 220
148 1 855 541 127 220
149 1 855 541 127 220
150 1 861 552 114 198
151 1 875 542 125 217
152 1 875 542 125 217
153 1 895 542 125 217
154 1 901 553 112 195
155 1 935 563 123 214
156 1 955 563 123 214
157 1 975 583 123 214
158 1 995 583 123 214
159 1 995 583 123 214
160 1 1015 603 123 214
161 1 1029 572 135 235
162 1 1029 572 135 235
163 1 1036 604 121 211
164 1 1036 604 121 211
165 1 1036 604 121 211
166 1 1050 593 133 232
167 1 1043 581 146 255
168 1 1036 568 160 280
169 1 1036 568 160 280
170 1 1036 568 160 280
171 1 1004 602 144 252
172 1 1004 602 144 252
173 1 1017 589 158 277
174 1 997 589 158 277
175 1 997 589 158 277
176 1 989 575 173 304
177 1 989 575 173 304
178 1 989 615 173 304
179 1 1009 575 173 304
180 1 998 590 155 273
181 1 998 590 155 273
182 1 1030 616 170 300
183 1 1030 596 170 300
184 1 1030 596 170 300
185 1 1001 581 187 330
186 1 992 544 205 363
187 1 962 526 225 399
188 1 911 466 247 438
189 1 899 424 271 481
190 1 899 424 271 481
191 1 885 360 298 529
192 1 905 360 298 529
193 1 905 360 298 529
194 1 905 360 298 529
195 1 865 360 298 529
196 1 865 360 298 529
197 1 845 380 298 529
198 1 845 380 298 529
199 1 830 354 327 581
200 1 814 365 359 639
201 1 832 437 323 575
202 1 828 506 290 517
203 1 828 546 290 517
204 1 833 540 319 540
205 1 817 513 350 567
206 1 834 521 315 510
207 1 834 541 315 510
208 1 834 561 315 510
209 1 814 561 315 510
210 1 850 566 283 459
211 1 904 629 254 413
212 1 944 589 254 413
213 1 971 528 279 454
214 1 945 511 251 408
215 1 912 451 276 448
216 1 926 433 248 403
217 1 938 413 223 362
218 1 929 391 200 325
219 1 939 387 180 292
220 1 948 422 162 262
221 1 956 455 145 235
222 1 963 487 130 211
223 1 969 538 117 189
224 1 975 547 105 170
225 1 960 575 94 153
226 1 945 583 84 137
227 1 981 536 92 150
228 1 1006 503 82 135
229 1 982 536 90 148
230 1 1006 543 81 133
231 1 1010 550 72 119
232 1 1014 556 64 107
233 1 1017 561 57 96
234 1 1054 556 62 105
235 1 1054 556 62 105
236 1 1014 576 62 105
237 1 971 551 68 115
238 1 1014 577 61 103
239 1 1057 582 54 92
240 1 1037 582 54 92
241 1 1034 577 59 101
242 1 1011 572 64 111
243 1 1008 566 70 122
244 1 1004 560 77 134
245 1 1000 553 84 147
246 1 1000 573 84 147
247 1 996 566 92 161
248 1 996 566 92 161
249 1 996 566 92 161
250 1 1001 574 82 144
251 1 997 567 90 158
252 1 997 567 90 158
253 1 997 567 90 158
254 1 997 567 90 158
255 1 997 567 90 158
256 1 997 567 90 158
257 1 977 567 90 158
258 1 977 567 90 158
259 1 992 559 99 173
260 1 977 588 89 155
261 1 933 600 97 170
262 1 898 648 87 153
263 1 862 696 78 137
264 1 826 723 70 123
265 1 789 749 63 110
266 1 746 763 69 121
267 1 703 777 75 133
268 1 683 797 75 133
269 1 663 817 75 133
270 1 667 824 67 119
271 1 644 838 73 130
272 1 600 851 80 143
273 1 576 844 88 157
274 1 532 836 96 172
275 1 487 827 105 189
276 1 462 778 115 207
277 1 416 768 126 227
278 1 370 757 138 249
279 1 343 745 151 273
280 1 315 731 166 300
281 1 287 716 182 330
282 1 267 716 182 330
283 1 247 716 182 330
284 1 227 716 182 330
285 1 187 716 182 330
286 1 147 736 182 330
287 1 107 716 182 330
288 1 67 716 182 330
289 1 27 696 182 330
290 1 -13 696 182 330
291 1 -33 736 182 330
292 1 -33 776 182 330
293 1 -33 816 182 330
294 1 -73 776 182 330
295 1 -113 776 182 330
296 1 -153 756 182 330
297 1 -193 776 182 330
298 1 -233 816 182 330
299 1 -273 856 182 330
300 1 -233 896 182 330
301 1 -193 936 182 330
302 1 -193 976 182 330
303 1 -193 1016 182 330
