74 1 918 302 74 88
75 1 934 278 81 96
76 1 954 278 81 96
77 1 970 273 89 105
78 1 986 268 97 115
79 1 986 288 97 115
80 1 986 268 97 115
81 1 981 262 106 126
82 1 981 262 106 126
83 1 981 262 106 126
84 1 966 268 95 113
85 1 966 288 95 113
86 1 946 288 95 113
87 1 941 302 104 124
88 1 921 302 104 124
89 1 906 308 93 111
90 1 901 322 102 122
91 1 896 316 112 134
92 1 890 309 123 147
93 1 896 316 110 132
94 1 896 316 110 132
95 1 896 316 110 132
96 1 896 316 110 132
97 1 901 283 99 118
98 1 906 289 89 106
99 1 910 294 80 95
100 1 910 294 80 95
101 1 910 294 80 95
102 1 914 319 72 85
103 1 934 339 72 85
104 1 950 355 79 93
105 1 954 380 71 83
106 1 950 376 78 91
107 1 966 391 85 100
108 1 970 416 76 90
109 1 990 416 76 90
110 1 1006 391 83 99
111 1 1022 366 91 108
112 1 1022 366 91 108
113 1 1017 361 100 118
114 1 1017 401 100 118
115 1 1017 421 100 118
116 1 997 421 100 118
117 1 972 415 110 129
118 1 957 441 99 116
119 1 952 435 108 127
120 1 937 461 97 114
121 1 932 455 106 125
122 1 927 469 116 137
123 1 927 489 116 137
124 1 941 502 127 150
125 1 935 494 139 165
126 1 948 526 152 181
127 1 948 506 152 181
128 1 976 535 136 162
129 1 969 547 149 178
130 1 982 558 163 195
131 1 994 548 179 214
132 1 1023 579 161 192
133 1 1043 599 161 192
134 1 1051 629 144 172
135 1 1058 658 129 154
136 1 1052 650 141 169
137 1 1059 678 126 152
138 1 1053 670 138 167
139 1 1026 662 151 183
140 1 1018 633 166 201
141 1 990 623 182 221
142 1 959 594 163 198
143 1 967 604 146 178
144 1 960 595 160 195
145 1 952 585 176 214
146 1 952 565 176 214
147 1 952 545 176 214
148 1 961 556 158 192
149 1 981 556 158 192
150 1 961 536 158 192
151 1 961 536 158 192
152 1 961 516 158 192
153 1 953 486 173 211
154 1 924 455 190 232
155 1 894 423 209 255
156 1 884 450 229 280
157 1 833 456 251 308
158 1 820 421 276 338
159 1 826 364 303 371
160 1 811 345 333 408
161 1 814 305 366 448
162 1 794 305 366 448
163 1 794 285 366 448
164 1 776 263 402 492
165 1 776 258 442 541
166 1 776 278 442 541
167 1 754 251 486 595
168 1 710 261 534 654
169 1 723 268 587 719
170 1 723 228 587 719
171 1 694 172 645 790
172 1 694 152 645 790
173 1 726 171 580 711
174 1 726 171 580 711
175 1 726 171 580 711
176 1 746 171 580 711
177 1 746 211 580 711
178 1 766 191 580 711
179 1 786 211 580 711
180 1 786 231 580 711
181 1 806 231 580 711
182 1 806 251 580 711
183 1 795 307 522 639
184 1 821 359 469 575
185 1 824 408 422 517
186 1 824 408 422 517
187 1 825 454 379 465
188 1 824 517 341 418
189 1 807 496 375 459
190 1 807 496 375 459
191 1 808 433 412 504
192 1 809 438 370 453
193 1 787 441 333 407
194 1 784 461 299 366
195 1 799 479 269 329
196 1 832 495 242 296
197 1 844 510 217 266
198 1 855 523 195 239
199 1 865 495 175 215
200 1 874 506 157 193
201 1 902 516 141 173
202 1 902 516 141 173
203 1 902 516 141 173
204 1 902 516 141 173
205 1 909 525 126 155
206 1 909 525 126 155
207 1 883 517 138 170
208 1 903 497 138 170
209 1 903 497 138 170
210 1 903 497 138 170
211 1 910 525 124 153
212 1 910 525 124 153
