25 1 814 406 98 158
26 1 809 398 107 173
27 1 794 427 96 155
28 1 789 459 105 170
29 1 769 419 105 170
30 1 769 439 105 170
31 1 774 467 94 153
32 1 789 479 103 168
33 1 814 507 92 151
34 1 829 499 101 166
35 1 849 499 101 166
36 1 864 531 111 182
37 1 878 522 122 200
38 1 892 532 134 220
39 1 912 552 134 220
40 1 932 552 134 220
41 1 952 572 134 220
42 1 965 581 147 242
43 1 978 569 161 266
44 1 998 569 161 266
45 1 1018 549 161 266
46 1 1026 562 144 239
47 1 1053 574 129 215
48 1 1067 563 141 236
49 1 1067 543 141 236
50 1 1047 543 141 236
51 1 1047 543 141 236
52 1 1047 543 141 236
53 1 1054 555 126 212
54 1 1054 555 126 212
55 1 1054 555 126 212
56 1 1060 526 113 190
57 1 1066 535 101 171
58 1 1071 544 90 153
59 1 1066 556 99 168
60 1 1086 556 99 168
61 1 1086 576 99 168
62 1 1091 584 89 151
63 1 1087 596 97 166
64 1 1092 604 87 149
65 1 1092 604 87 149
66 1 1072 604 87 149
67 1 1072 604 87 149
68 1 1072 604 87 149
69 1 1072 604 87 149
70 1 1092 584 87 149
71 1 1108 557 95 163
72 1 1123 529 104 179
73 1 1138 500 114 196
74 1 1138 480 114 196
75 1 1152 450 125 215
76 1 1166 419 137 236
77 1 1179 407 150 259
78 1 1191 354 165 284
79 1 1203 320 181 312
80 1 1214 284 199 343
81 1 1184 247 218 377
82 1 1184 247 218 377
83 1 1184 247 218 377
84 1 1173 228 239 414
85 1 1173 248 239 414
86 1 1153 248 239 414
87 1 1141 227 262 455
88 1 1121 227 262 455
89 1 1121 227 262 455
90 1 1108 204 288 500
91 1 1108 204 288 500
92 1 1108 204 288 500
93 1 1108 204 288 500
94 1 1108 204 288 500
95 1 1122 229 259 450
96 1 1142 209 259 450
97 1 1162 209 259 450
98 1 1215 211 233 405
99 1 1223 171 256 445
100 1 1250 149 281 489
101 1 1270 149 281 489
102 1 1276 125 309 537
103 1 1261 98 339 590
104 1 1224 68 372 649
105 1 1205 36 409 713
106 1 1225 52 368 641
107 1 1187 20 404 705
108 1 1227 0 404 705
109 1 1207 0 444 775
110 1 1185 0 488 852
111 1 1205 20 488 852
112 1 1189 63 439 766
113 1 1127 65 482 842
114 1 1087 105 482 842
115 1 1023 103 530 926
116 1 956 97 583 983
117 1 887 68 641 1012
118 1 815 37 705 1043
119 1 775 37 705 1043
120 1 700 0 775 1080
121 1 720 0 775 1080
122 1 759 54 697 972
123 1 719 14 697 972
124 1 759 34 697 972
125 1 719 -6 697 972
126 1 739 34 697 972
127 1 704 0 766 1069
128 1 744 20 766 1069
129 1 784 60 766 1069
130 1 706 27 842 1053
131 1 624 0 926 1080
132 1 630 94 833 972
133 1 632 163 749 874
134 1 649 227 674 786
135 1 723 306 606 707
136 1 753 341 545 636
137 1 780 373 490 572
138 1 764 422 441 514
139 1 786 448 396 462
140 1 826 491 356 415
141 1 826 511 356 415
142 1 844 532 320 373
143 1 864 552 320 373
144 1 900 551 288 335
145 1 934 568 259 301
146 1 934 588 259 301
147 1 947 583 233 270
148 1 999 596 209 243
149 1 1009 568 188 218
150 1 1058 599 169 196
151 1 1046 569 152 176
152 1 1038 600 167 193
153 1 1058 600 167 193
154 1 1078 580 167 193
155 1 1106 570 150 173
156 1 1106 590 150 173
157 1 1153 559 135 155
158 1 1153 579 135 155
159 1 1180 567 121 139
160 1 1180 547 121 139
161 1 1186 514 108 125
162 1 1206 494 108 125
163 1 1221 468 118 137
164 1 1255 461 129 150
165 1 1261 448 116 135
166 1 1247 455 104 121
167 1 1247 455 104 121
168 1 1227 475 104 121
169 1 1212 481 93 108
170 1 1172 441 93 108
171 1 1172 441 93 108
172 1 1167 436 102 118
173 1 1142 470 112 129
174 1 1156 464 123 141
175 1 1150 477 135 155
176 1 1143 469 148 170
177 1 1150 477 133 153
178 1 1150 477 133 153
179 1 1150 477 133 153
180 1 1150 477 133 153
181 1 1150 477 133 153
182 1 1150 477 133 153
183 1 1150 477 133 153
184 1 1157 485 119 137
185 1 1171 478 130 150
