60 1 776 378 112 156
61 1 762 346 100 140
62 1 767 353 90 126
63 1 762 347 99 138
64 1 737 340 108 151
65 1 732 352 118 166
66 1 718 400 106 149
67 1 723 447 95 134
68 1 718 460 104 147
69 1 743 507 93 132
70 1 778 500 102 145
71 1 793 493 112 159
72 1 819 501 100 143
73 1 834 474 110 157
74 1 834 474 110 157
75 1 839 502 99 141
76 1 859 502 99 141
77 1 859 502 99 141
78 1 854 495 108 155
79 1 849 487 118 170
80 1 843 478 129 187
81 1 863 498 129 187
82 1 863 458 129 187
83 1 869 487 116 168
84 1 823 479 127 184
85 1 823 499 127 184
86 1 823 519 127 184
87 1 857 510 139 202
88 1 877 530 139 202
89 1 890 520 152 222
90 1 910 540 152 222
91 1 930 540 152 222
92 1 938 571 136 199
93 1 938 571 136 199
94 1 971 561 149 218
95 1 964 550 163 239
96 1 972 582 146 215
97 1 945 571 160 236
98 1 945 571 160 236
99 1 945 571 160 236
100 1 933 603 144 212
101 1 980 574 129 190
102 1 960 594 129 190
103 1 954 584 141 209
104 1 921 614 126 188
105 1 915 605 138 206
106 1 908 595 151 226
107 1 908 615 151 226
108 1 880 624 166 248
109 1 872 612 182 272
110 1 901 586 163 244
111 1 909 598 146 219
112 1 909 618 146 219
113 1 949 638 146 219
114 1 962 667 160 240
115 1 954 675 176 264
116 1 954 675 176 264
117 1 934 695 176 264
118 1 934 715 176 264
119 1 894 715 176 264
120 1 905 702 193 290
121 1 895 687 212 319
122 1 875 667 212 319
123 1 904 611 233 350
124 1 932 613 256 385
125 1 939 594 281 423
126 1 925 533 309 465
127 1 910 530 339 511
128 1 933 464 372 562
129 1 972 492 334 505
130 1 915 467 367 555
131 1 895 487 367 555
132 1 895 507 367 555
133 1 915 507 367 555
134 1 915 527 367 555
135 1 915 547 367 555
136 1 973 595 330 485
137 1 989 619 297 436
138 1 969 639 297 436
139 1 949 679 297 436
140 1 929 699 297 436
141 1 914 697 326 383
142 1 914 697 326 383
143 1 914 677 326 383
144 1 914 677 326 383
145 1 898 678 358 402
146 1 896 718 322 361
147 1 880 700 354 380
148 1 862 721 389 359
149 1 862 721 389 359
150 1 861 779 350 301
151 1 881 819 350 301
152 1 878 834 315 246
153 1 874 846 283 221
154 1 874 846 283 221
155 1 868 857 254 198
156 1 901 847 228 178
157 1 952 816 205 160
158 1 942 768 225 176
159 1 931 719 247 193
160 1 939 669 271 212
161 1 973 720 243 190
162 1 921 730 267 209
163 1 894 780 240 188
164 1 894 780 240 188
165 1 922 751 264 206
166 1 949 721 290 226
167 1 974 710 319 248
168 1 978 678 350 272
169 1 998 658 350 272
170 1 1000 624 385 299
171 1 941 589 423 328
172 1 1002 625 380 295
173 1 1001 660 342 265
174 1 1004 627 376 291
175 1 1023 602 338 261
176 1 1023 602 338 261
177 1 1023 582 338 261
178 1 1040 595 304 234
179 1 1045 583 334 257
180 1 1068 530 367 282
181 1 1070 496 403 310
182 1 1070 496 403 310
183 1 1050 511 362 279
184 1 992 477 398 306
185 1 972 492 358 275
