6 1 1529 490 156 257
7 1 1497 483 140 231
8 1 1464 495 126 207
9 1 1450 505 113 186
10 1 1416 494 101 167
11 1 1381 482 90 150
12 1 1365 469 81 135
13 1 1325 469 81 135
14 1 1289 456 72 121
15 1 1253 422 64 108
16 1 1216 407 57 97
17 1 1173 402 62 106
18 1 1133 382 62 106
19 1 1093 362 62 106
20 1 1053 362 62 106
21 1 1053 362 62 106
22 1 1013 362 62 106
23 1 973 342 62 106
24 1 973 342 62 106
25 1 933 322 62 106
26 1 913 342 62 106
27 1 913 342 62 106
28 1 913 342 62 106
29 1 913 342 62 106
30 1 913 342 62 106
31 1 913 342 62 106
32 1 913 342 62 106
33 1 913 342 62 106
34 1 913 342 62 106
35 1 913 342 62 106
36 1 913 342 62 106
37 1 913 342 62 106
38 1 913 342 62 106
39 1 913 302 62 106
40 1 933 262 62 106
41 1 933 262 62 106
42 1 933 262 62 106
43 1 933 262 62 106
44 1 933 262 62 106
45 1 893 222 62 106
46 1 893 222 62 106
47 1 893 222 62 106
48 1 893 222 62 106
49 1 853 222 62 106
50 1 853 242 62 106
51 1 853 282 62 106
52 1 853 322 62 106
53 1 873 302 62 106
54 1 893 302 62 106
55 1 913 322 62 106
56 1 913 362 62 106
57 1 933 362 62 106
58 1 933 402 62 106
59 1 933 422 62 106
60 1 953 402 62 106
61 1 953 442 62 106
62 1 973 402 62 106
63 1 973 422 62 106
64 1 973 422 62 106
65 1 973 422 62 106
66 1 973 422 62 106
67 1 973 422 62 106
68 1 973 422 62 106
69 1 973 422 62 106
70 1 953 382 62 106
71 1 973 342 62 106
72 1 973 302 62 106
73 1 1010 257 68 116
74 1 1027 211 74 127
75 1 987 171 74 127
76 1 987 171 74 127
77 1 947 211 74 127
78 1 927 251 74 127
79 1 887 271 74 127
80 1 867 291 74 127
81 1 867 291 74 127
82 1 867 291 74 127
83 1 867 291 74 127
84 1 827 271 74 127
85 1 827 231 74 127
86 1 827 231 74 127
87 1 787 191 74 127
88 1 787 191 74 127
89 1 767 151 74 127
90 1 767 151 74 127
91 1 767 151 74 127
92 1 767 151 74 127
93 1 767 151 74 127
94 1 767 151 74 127
95 1 767 151 74 127
96 1 767 151 74 127
97 1 767 151 74 127
98 1 767 151 74 127
99 1 767 151 74 127
100 1 767 151 74 127
101 1 767 151 74 127
102 1 767 151 74 127
103 1 747 111 74 127
104 1 747 111 74 127
105 1 767 71 74 127
106 1 787 91 74 127
107 1 823 65 81 139
108 1 859 98 89 152
109 1 815 130 97 167
110 1 790 162 106 183
111 1 785 113 116 201
112 1 799 143 127 221
113 1 833 172 139 243
114 1 873 192 139 243
115 1 833 232 139 243
116 1 813 252 139 243
117 1 793 292 139 243
118 1 793 292 139 243
119 1 793 292 139 243
120 1 753 312 139 243
121 1 753 312 139 243
122 1 733 312 139 243
123 1 733 312 139 243
124 1 733 312 139 243
125 1 733 332 139 243
126 1 733 332 139 243
127 1 733 332 139 243
128 1 733 332 139 243
129 1 733 332 139 243
130 1 733 332 139 243
131 1 753 352 139 243
132 1 773 352 139 243
133 1 773 372 139 243
134 1 793 372 139 243
135 1 820 384 125 218
136 1 860 364 125 218
137 1 880 364 125 218
138 1 900 364 125 218
139 1 920 404 125 218
140 1 960 404 125 218
