15 1 655 379 237 336
16 1 663 362 260 369
17 1 663 362 260 369
18 1 663 362 260 369
19 1 683 382 260 369
20 1 670 364 286 405
21 1 670 364 286 405
22 1 690 384 286 405
23 1 690 404 286 405
24 1 696 364 314 445
25 1 680 342 345 489
26 1 680 362 345 489
27 1 663 338 379 537
28 1 663 358 379 537
29 1 662 345 341 483
30 1 662 345 341 483
31 1 625 281 375 531
32 1 645 281 375 531
33 1 645 281 375 531
34 1 645 281 375 531
35 1 645 261 375 531
36 1 665 261 375 531
37 1 666 214 412 584
38 1 645 185 453 642
39 1 665 165 453 642
40 1 685 165 453 642
41 1 682 113 498 706
42 1 682 113 498 706
43 1 682 133 498 706
44 1 727 148 448 635
45 1 769 140 403 571
46 1 749 129 362 513
47 1 787 195 325 461
48 1 823 198 292 414
49 1 838 259 262 372
50 1 845 240 288 409
51 1 845 240 288 409
52 1 831 220 316 449
53 1 831 220 316 449
54 1 847 222 284 404
55 1 833 222 312 444
56 1 833 202 312 444
57 1 833 182 312 444
58 1 849 204 280 399
59 1 843 224 252 359
60 1 856 222 226 323
61 1 867 238 203 290
62 1 857 203 223 319
63 1 857 203 223 319
64 1 868 219 200 287
65 1 868 219 200 287
66 1 838 185 220 315
67 1 849 221 198 283
68 1 859 235 178 254
69 1 850 222 195 279
70 1 840 208 214 306
71 1 840 228 214 306
72 1 869 213 235 336
73 1 869 233 235 336
74 1 841 270 211 302
75 1 852 305 189 271
76 1 843 291 207 298
77 1 823 291 207 298
78 1 793 306 186 268
79 1 764 293 204 294
80 1 794 278 224 323
81 1 803 262 246 355
82 1 831 264 270 390
83 1 797 244 297 429
84 1 777 264 297 429
85 1 757 264 297 429
86 1 702 243 326 471
87 1 718 287 293 423
88 1 683 266 322 465
89 1 663 286 322 465
90 1 627 263 354 511
91 1 645 309 318 459
92 1 609 286 349 504
93 1 626 311 314 453
94 1 602 334 282 407
95 1 602 334 282 407
96 1 582 334 282 407
97 1 582 354 282 407
98 1 562 354 282 407
99 1 562 374 282 407
100 1 562 374 282 407
101 1 548 354 310 447
102 1 583 396 279 402
103 1 583 416 279 402
104 1 569 396 306 442
105 1 604 438 275 397
106 1 590 418 302 436
107 1 590 418 302 436
108 1 605 440 271 392
109 1 591 420 298 431
110 1 591 420 298 431
111 1 571 400 298 431
112 1 576 378 327 474
113 1 592 422 294 426
114 1 572 422 294 426
115 1 577 401 323 468
116 1 573 444 290 421
117 1 573 444 290 421
118 1 573 444 290 421
119 1 573 444 290 421
120 1 593 464 290 421
121 1 593 464 290 421
122 1 593 464 290 421
123 1 593 464 290 421
124 1 593 464 290 421
125 1 593 464 290 421
126 1 587 485 261 378
127 1 547 485 261 378
128 1 540 504 234 340
129 1 520 524 234 340
130 1 512 561 210 306
131 1 472 581 210 306
132 1 442 636 189 275
133 1 473 642 207 302
134 1 443 667 227 332
135 1 392 630 249 365
136 1 384 628 224 328
137 1 404 608 224 328
138 1 415 604 201 295
139 1 445 619 180 265
140 1 474 592 162 238
141 1 474 572 162 238
142 1 474 552 162 238
143 1 442 544 145 214
144 1 449 535 130 192
145 1 455 545 117 172
146 1 455 525 117 172
147 1 495 505 117 172
148 1 535 465 117 172
149 1 569 416 128 189
150 1 595 405 115 170
151 1 629 356 126 187
152 1 649 336 126 187
153 1 675 325 113 168
154 1 675 305 113 168
155 1 675 285 113 168
156 1 695 265 113 168
157 1 689 237 124 184
158 1 703 208 136 202
159 1 696 178 149 222
160 1 709 167 163 244
161 1 721 135 179 268
162 1 730 148 161 241
163 1 738 160 144 216
164 1 765 171 129 194
165 1 765 171 129 194
166 1 791 181 116 174
167 1 817 190 104 156
