64 1 512 178 134 194
65 1 479 228 120 174
66 1 499 228 120 174
67 1 545 217 108 156
68 1 590 245 97 140
69 1 550 205 97 140
70 1 570 165 97 140
71 1 610 165 97 140
72 1 630 165 97 140
73 1 630 165 97 140
74 1 630 165 97 140
75 1 590 125 97 140
76 1 550 125 97 140
77 1 510 125 97 140
78 1 470 145 97 140
79 1 470 145 97 140
80 1 430 165 97 140
81 1 410 185 97 140
82 1 390 205 97 140
83 1 390 205 97 140
84 1 390 205 97 140
85 1 370 225 97 140
86 1 370 245 97 140
87 1 370 245 97 140
88 1 350 265 97 140
89 1 350 265 97 140
90 1 350 265 97 140
91 1 350 265 97 140
92 1 350 265 97 140
93 1 310 265 97 140
94 1 310 265 97 140
95 1 310 265 97 140
96 1 270 285 97 140
97 1 255 312 87 126
98 1 275 312 87 126
99 1 315 292 87 126
100 1 279 338 78 113
101 1 283 344 70 101
102 1 286 329 63 90
103 1 309 313 56 81
104 1 332 317 50 72
105 1 354 321 45 64
106 1 394 301 45 64
107 1 436 284 40 57
108 1 456 264 40 57
109 1 476 264 40 57
110 1 476 284 40 57
111 1 476 284 40 57
112 1 476 284 40 57
113 1 476 284 40 57
114 1 456 304 40 57
115 1 456 304 40 57
116 1 456 304 40 57
117 1 456 304 40 57
118 1 416 324 40 57
119 1 376 364 40 57
120 1 376 364 40 57
121 1 356 384 40 57
122 1 356 384 40 57
123 1 316 404 40 57
124 1 316 404 40 57
125 1 276 424 40 57
126 1 236 444 40 57
127 1 236 444 40 57
128 1 216 464 40 57
129 1 216 464 40 57
130 1 214 481 44 62
131 1 194 501 44 62
132 1 196 504 39 55
133 1 178 527 35 49
134 1 180 529 31 44
135 1 182 531 27 39
136 1 183 533 24 35
137 1 142 571 26 38
138 1 161 549 28 41
139 1 160 547 30 45
140 1 141 549 27 40
141 1 142 551 24 36
142 1 183 533 21 32
143 1 222 491 23 35
144 1 223 513 20 31
145 1 264 555 18 27
146 1 264 575 18 27
147 1 264 595 18 27
148 1 264 595 18 27
149 1 264 595 18 27
150 1 264 595 18 27
151 1 264 595 18 27
152 1 264 595 18 27
153 1 264 595 18 27
154 1 264 595 18 27
155 1 284 595 18 27
156 1 284 555 18 27
157 1 284 555 18 27
158 1 304 535 18 27
159 1 304 535 18 27
160 1 304 535 18 27
161 1 324 495 18 27
162 1 324 535 18 27
163 1 344 495 18 27
164 1 344 535 18 27
165 1 344 515 18 27
166 1 364 495 18 27
