65 1 982 452 98 168
66 1 982 452 98 168
67 1 982 452 98 168
68 1 982 452 98 168
69 1 982 452 98 168
70 1 982 452 98 168
71 1 982 452 98 168
72 1 982 452 98 168
73 1 982 452 98 168
74 1 1002 432 98 168
75 1 1002 432 98 168
76 1 1002 452 98 168
77 1 1002 452 98 168
78 1 1002 452 98 168
79 1 1002 452 98 168
80 1 1002 452 98 168
81 1 962 452 98 168
82 1 942 472 98 168
83 1 962 472 98 168
84 1 1007 500 88 151
85 1 1043 492 96 166
86 1 1058 464 105 182
87 1 1093 435 115 200
88 1 1113 415 115 200
89 1 1127 405 126 220
90 1 1121 414 138 242
91 1 1094 442 151 266
92 1 1106 429 166 292
93 1 1118 434 182 321
94 1 1118 434 182 321
95 1 1118 434 182 321
96 1 1109 418 200 353
97 1 1099 436 180 317
98 1 1070 420 198 348
99 1 1080 437 178 313
100 1 1060 457 178 313
101 1 1011 441 195 344
102 1 991 441 195 344
103 1 991 401 195 344
104 1 1001 378 175 309
105 1 1001 338 175 309
106 1 1001 338 175 309
107 1 1001 358 175 309
108 1 1021 338 175 309
109 1 1061 298 175 309
110 1 1081 298 175 309
111 1 1101 298 175 309
112 1 1121 278 175 309
113 1 1141 278 175 309
114 1 1161 278 175 309
115 1 1181 298 175 309
116 1 1181 338 175 309
117 1 1141 358 175 309
118 1 1141 358 175 309
119 1 1101 378 175 309
120 1 1110 413 157 278
121 1 1098 407 141 250
122 1 1085 419 126 225
123 1 1051 450 113 202
124 1 1017 460 101 181
125 1 1017 460 101 181
126 1 1017 460 101 181
127 1 977 420 101 181
128 1 977 420 101 181
129 1 937 380 101 181
130 1 937 380 101 181
131 1 897 340 101 181
132 1 897 340 101 181
133 1 897 340 101 181
134 1 897 340 101 181
135 1 897 340 101 181
136 1 897 340 101 181
137 1 857 360 101 181
138 1 857 360 101 181
139 1 857 360 101 181
140 1 857 360 101 181
141 1 857 360 101 181
142 1 817 380 101 181
143 1 817 380 101 181
144 1 777 400 101 181
145 1 757 440 101 181
146 1 717 480 101 181
147 1 717 480 101 181
148 1 677 460 101 181
149 1 657 440 101 181
150 1 682 429 90 162
151 1 726 417 81 145
152 1 730 404 72 130
153 1 754 410 64 117
154 1 797 416 57 105
155 1 840 421 51 94
156 1 860 421 51 94
157 1 860 421 51 94
158 1 860 421 51 94
159 1 863 426 45 84
160 1 863 406 45 84
161 1 863 406 45 84
162 1 883 406 45 84
163 1 903 406 45 84
164 1 905 410 40 75
165 1 927 414 36 67
166 1 885 451 39 73
167 1 903 447 42 80
168 1 905 431 37 72
169 1 863 387 40 79
170 1 901 363 44 86
171 1 939 379 48 94
172 1 957 374 52 103
173 1 974 369 57 113
174 1 991 383 62 124
175 1 1028 397 68 136
176 1 1048 417 68 136
177 1 1008 457 68 136
178 1 1008 457 68 136
179 1 1008 457 68 136
180 1 1008 457 68 136
181 1 1008 457 68 136
182 1 1008 457 68 136
183 1 1008 457 68 136
184 1 1008 457 68 136
185 1 968 417 68 136
186 1 968 417 68 136
187 1 928 377 68 136
188 1 928 377 68 136
