41 1 904 808 220 268
42 1 904 808 220 268
43 1 884 768 220 268
44 1 864 728 220 268
45 1 864 688 220 268
46 1 864 648 220 268
47 1 864 608 220 268
48 1 864 568 220 268
49 1 864 568 220 268
50 1 864 528 220 268
51 1 864 528 220 268
52 1 844 488 220 268
53 1 844 488 220 268
54 1 844 448 220 268
55 1 844 448 220 268
56 1 844 448 220 268
57 1 844 428 220 268
58 1 844 428 220 268
59 1 844 428 220 268
60 1 844 428 220 268
61 1 844 428 220 268
62 1 844 428 220 268
63 1 844 428 220 268
64 1 844 428 220 268
65 1 864 408 220 268
66 1 864 408 220 268
67 1 884 388 220 268
68 1 884 388 220 268
69 1 884 388 220 268
70 1 904 388 220 268
71 1 904 388 220 268
72 1 924 388 220 268
73 1 924 388 220 268
74 1 944 368 220 268
75 1 944 368 220 268
76 1 944 368 220 268
77 1 944 368 220 268
78 1 944 368 220 268
79 1 944 368 220 268
80 1 944 328 220 268
81 1 944 328 220 268
82 1 944 308 220 268
83 1 944 308 220 268
84 1 944 308 220 268
85 1 944 308 220 268
86 1 944 308 220 268
87 1 944 308 220 268
88 1 944 308 220 268
89 1 944 308 220 268
90 1 944 308 220 268
91 1 944 308 220 268
92 1 944 308 220 268
93 1 944 308 220 268
94 1 944 308 220 268
95 1 944 308 220 268
96 1 904 288 220 268
97 1 944 248 220 268
98 1 964 248 220 268
99 1 964 248 220 268
100 1 964 268 220 268
101 1 964 268 220 268
102 1 964 268 220 268
103 1 964 268 220 268
104 1 964 268 220 268
105 1 964 268 220 268
106 1 964 268 220 268
107 1 964 268 220 268
108 1 964 268 220 268
109 1 964 268 220 268
110 1 964 268 220 268
111 1 944 288 220 268
112 1 944 288 220 268
113 1 944 288 220 268
114 1 944 288 220 268
115 1 944 288 220 268
116 1 944 288 220 268
117 1 944 288 220 268
118 1 944 288 220 268
119 1 964 288 220 268
120 1 964 288 220 268
121 1 964 288 220 268
122 1 964 288 220 268
123 1 964 288 220 268
124 1 964 288 220 268
125 1 964 288 220 268
126 1 964 288 220 268
127 1 964 288 220 268
128 1 964 288 220 268
129 1 964 288 220 268
130 1 964 288 220 268
131 1 964 288 220 268
132 1 964 288 220 268
133 1 964 288 220 268
134 1 964 288 220 268
135 1 964 288 220 268
136 1 964 288 220 268
137 1 964 288 220 268
138 1 964 288 220 268
139 1 964 288 220 268
140 1 964 288 220 268
141 1 964 288 220 268
142 1 964 288 220 268
143 1 964 288 220 268
144 1 964 288 220 268
145 1 964 288 220 268
