64 1 912 335 140 199
65 1 939 345 126 179
66 1 939 365 126 179
67 1 959 365 126 179
68 1 959 365 126 179
69 1 959 365 126 179
70 1 959 385 126 179
71 1 959 385 126 179
72 1 959 385 126 179
73 1 959 405 126 179
74 1 959 405 126 179
75 1 939 425 126 179
76 1 939 425 126 179
77 1 939 445 126 179
78 1 939 445 126 179
79 1 939 465 126 179
80 1 959 465 126 179
81 1 959 485 126 179
82 1 959 485 126 179
83 1 959 505 126 179
84 1 959 505 126 179
85 1 959 525 126 179
86 1 959 525 126 179
87 1 959 545 126 179
88 1 959 545 126 179
89 1 959 565 126 179
90 1 959 585 126 179
91 1 959 585 126 179
92 1 959 605 126 179
93 1 959 625 126 179
94 1 959 625 126 179
95 1 959 645 126 179
96 1 959 665 126 179
97 1 959 685 126 179
98 1 959 705 126 179
99 1 959 705 126 179
100 1 959 705 126 179
101 1 959 705 126 179
102 1 959 705 126 179
103 1 959 705 126 179
104 1 959 685 126 179
105 1 959 685 126 179
106 1 959 665 126 179
107 1 979 645 126 179
108 1 979 645 126 179
109 1 999 645 126 179
110 1 1019 625 126 179
111 1 1039 625 126 179
112 1 1039 625 126 179
113 1 1039 625 126 179
114 1 1039 625 126 179
115 1 1039 585 126 179
116 1 1039 585 126 179
117 1 1039 585 126 179
118 1 1039 585 126 179
119 1 1039 585 126 179
120 1 999 585 126 179
121 1 999 585 126 179
122 1 999 585 126 179
123 1 999 585 126 179
124 1 959 585 126 179
125 1 959 585 126 179
126 1 959 585 126 179
127 1 959 585 126 179
128 1 959 585 126 179
129 1 959 585 126 179
130 1 959 585 126 179
131 1 959 585 126 179
132 1 959 585 126 179
133 1 959 585 126 179
134 1 959 585 126 179
135 1 959 585 126 179
136 1 959 585 126 179
137 1 959 585 126 179
138 1 959 585 126 179
139 1 959 585 126 179
140 1 959 585 126 179
141 1 959 585 126 179
142 1 959 585 126 179
143 1 959 585 126 179
144 1 959 585 126 179
145 1 959 585 126 179
146 1 959 585 126 179
147 1 959 585 126 179
148 1 959 585 126 179
149 1 959 585 126 179
150 1 959 585 126 179
151 1 959 585 126 179
152 1 919 625 126 179
153 1 919 625 126 179
154 1 939 625 126 179
155 1 925 654 113 161
156 1 931 662 101 144
157 1 936 669 90 129
158 1 940 675 81 116
159 1 980 635 81 116
160 1 940 595 81 116
161 1 900 555 81 116
162 1 900 555 81 116
163 1 900 555 81 116
164 1 900 555 81 116
165 1 900 555 81 116
166 1 900 555 81 116
167 1 900 555 81 116
168 1 900 555 81 116
169 1 900 515 81 116
170 1 920 475 81 116
171 1 920 515 81 116
172 1 940 495 81 116
173 1 960 475 81 116
174 1 980 475 81 116
175 1 1000 475 81 116
176 1 1000 495 81 116
177 1 1020 475 81 116
178 1 1020 475 81 116
179 1 1020 515 81 116
180 1 1020 515 81 116
181 1 1020 535 81 116
182 1 1020 535 81 116
183 1 1020 535 81 116
184 1 1020 535 81 116
185 1 1020 535 81 116
186 1 1020 535 81 116
187 1 1020 535 81 116
188 1 1020 535 81 116
189 1 1020 535 81 116
190 1 1020 535 81 116
191 1 1020 535 81 116
192 1 1020 535 81 116
193 1 1020 535 81 116
194 1 1020 535 81 116
195 1 1020 535 81 116
196 1 1020 535 81 116
197 1 1020 535 81 116
198 1 1020 535 81 116
199 1 1020 535 81 116
200 1 1020 535 81 116
201 1 980 495 81 116
202 1 980 495 81 116
203 1 980 495 81 116
204 1 980 495 81 116
205 1 980 495 81 116
206 1 980 495 81 116
207 1 980 495 81 116
208 1 980 495 81 116
209 1 980 495 81 116
210 1 980 495 81 116
211 1 980 495 81 116
212 1 940 515 81 116
213 1 940 515 81 116
214 1 940 515 81 116
215 1 900 535 81 116
216 1 900 535 81 116
217 1 900 535 81 116
218 1 900 535 81 116
219 1 900 535 81 116
220 1 880 555 81 116
221 1 900 555 81 116
222 1 920 555 81 116
223 1 920 555 81 116
224 1 940 575 81 116
225 1 960 575 81 116
