73 1 1056 199 102 203
74 1 1061 209 91 182
75 1 1066 218 81 163
76 1 1066 218 81 163
77 1 1066 218 81 163
78 1 1066 218 81 163
79 1 1066 218 81 163
80 1 1066 218 81 163
81 1 1066 238 81 163
82 1 1066 258 81 163
83 1 1086 258 81 163
84 1 1086 258 81 163
85 1 1086 278 81 163
86 1 1106 278 81 163
87 1 1106 298 81 163
88 1 1126 278 81 163
89 1 1126 298 81 163
90 1 1126 298 81 163
91 1 1126 298 81 163
92 1 1146 278 81 163
93 1 1146 298 81 163
94 1 1146 298 81 163
95 1 1146 298 81 163
96 1 1146 298 81 163
97 1 1146 318 81 163
98 1 1146 318 81 163
99 1 1126 338 81 163
100 1 1126 338 81 163
101 1 1126 338 81 163
102 1 1126 338 81 163
103 1 1126 338 81 163
104 1 1086 338 81 163
105 1 1086 338 81 163
106 1 1046 338 81 163
107 1 1046 338 81 163
108 1 1006 358 81 163
109 1 1006 358 81 163
110 1 1006 358 81 163
111 1 1006 358 81 163
112 1 1006 358 81 163
113 1 966 378 81 163
114 1 966 398 81 163
115 1 986 398 81 163
116 1 986 418 81 163
117 1 1006 458 81 163
118 1 1006 478 81 163
119 1 1026 498 81 163
120 1 1026 538 81 163
121 1 1046 538 81 163
122 1 1046 558 81 163
123 1 1046 598 81 163
124 1 1066 598 81 163
125 1 1066 618 81 163
126 1 1066 638 81 163
127 1 1066 638 81 163
128 1 1066 638 81 163
129 1 1066 638 81 163
130 1 1066 638 81 163
131 1 1066 638 81 163
132 1 1066 638 81 163
133 1 1066 638 81 163
134 1 1066 638 81 163
135 1 1066 638 81 163
136 1 1066 638 81 163
137 1 1066 638 81 163
138 1 1066 638 81 163
139 1 1066 638 81 163
140 1 1066 638 81 163
141 1 1066 638 81 163
142 1 1066 598 81 163
143 1 1066 558 81 163
144 1 1086 538 81 163
145 1 1106 538 81 163
146 1 1066 578 81 163
147 1 1066 578 81 163
148 1 1066 578 81 163
149 1 1066 578 81 163
150 1 1066 578 81 163
151 1 1026 598 81 163
152 1 986 618 81 163
153 1 946 638 81 163
154 1 946 638 81 163
155 1 906 658 81 163
156 1 906 658 81 163
157 1 906 658 81 163
158 1 906 658 81 163
159 1 906 658 81 163
160 1 906 658 81 163
161 1 906 658 81 163
162 1 906 658 81 163
163 1 906 658 81 163
164 1 906 658 81 163
165 1 906 658 81 163
166 1 906 658 81 163
167 1 906 658 81 163
168 1 906 658 81 163
169 1 906 658 81 163
170 1 906 658 81 163
171 1 866 678 81 163
172 1 826 718 81 163
173 1 786 738 81 163
174 1 746 758 81 163
175 1 706 778 81 163
176 1 706 778 81 163
177 1 706 778 81 163
178 1 706 778 81 163
179 1 706 778 81 163
180 1 706 778 81 163
181 1 746 738 81 163
182 1 786 698 81 163
183 1 826 658 81 163
184 1 850 626 72 146
185 1 894 593 64 131
186 1 937 560 57 117
187 1 974 554 62 128
188 1 991 568 68 140
189 1 1011 588 68 140
190 1 1034 615 61 126
191 1 1077 601 54 113
192 1 1114 555 59 124
193 1 1114 555 59 124
194 1 1114 555 59 124
195 1 1114 555 59 124
196 1 1114 555 59 124
197 1 1114 555 59 124
198 1 1114 555 59 124
199 1 1114 555 59 124
200 1 1114 555 59 124
201 1 1114 555 59 124
