55 1 851 495 158 151
56 1 803 507 173 166
57 1 794 499 190 182
58 1 814 499 190 182
59 1 804 490 209 200
60 1 824 490 209 200
61 1 844 470 209 200
62 1 844 470 209 200
63 1 864 450 209 200
64 1 864 450 209 200
65 1 854 440 229 220
66 1 874 460 229 220
67 1 863 469 251 242
68 1 916 481 225 217
69 1 905 490 247 238
70 1 925 490 247 238
71 1 937 502 222 214
72 1 926 511 244 235
73 1 926 511 244 235
74 1 926 511 244 235
75 1 926 511 244 235
76 1 926 511 244 235
77 1 926 511 244 235
78 1 926 511 244 235
79 1 926 511 244 235
80 1 926 511 244 235
81 1 886 531 244 235
82 1 906 531 244 235
83 1 906 531 244 235
84 1 926 531 244 235
85 1 926 531 244 235
86 1 926 531 244 235
87 1 894 539 268 258
88 1 894 539 268 258
89 1 881 546 294 283
90 1 896 560 264 254
91 1 916 560 264 254
92 1 916 560 264 254
93 1 896 580 264 254
94 1 896 580 264 254
95 1 896 580 264 254
96 1 896 580 264 254
97 1 896 580 264 254
98 1 896 580 264 254
99 1 896 580 264 254
100 1 896 580 264 254
101 1 896 580 264 254
102 1 896 580 264 254
103 1 896 580 264 254
104 1 896 580 264 254
105 1 883 587 290 279
106 1 897 601 261 251
107 1 897 601 261 251
108 1 897 601 261 251
109 1 897 601 261 251
110 1 910 634 234 225
111 1 898 623 257 247
112 1 898 623 257 247
113 1 918 623 257 247
114 1 918 623 257 247
115 1 905 631 282 271
116 1 891 637 310 298
117 1 926 632 279 268
118 1 960 645 251 241
119 1 993 637 225 216
120 1 993 637 225 216
121 1 993 637 225 216
122 1 993 637 225 216
123 1 993 637 225 216
124 1 993 637 225 216
125 1 982 606 247 237
126 1 970 574 271 260
127 1 956 561 298 286
128 1 961 547 327 314
129 1 945 531 359 345
130 1 945 551 359 345
131 1 905 571 359 345
132 1 945 571 359 345
133 1 963 588 323 310
134 1 999 583 290 279
135 1 999 583 290 279
136 1 999 583 290 279
137 1 999 583 290 279
138 1 999 583 290 279
139 1 999 583 290 279
140 1 999 583 290 279
141 1 999 583 290 279
142 1 999 583 290 279
143 1 999 583 290 279
144 1 999 583 290 279
145 1 999 583 290 279
146 1 999 583 290 279
147 1 999 583 290 279
148 1 999 583 290 279
149 1 999 583 290 279
150 1 999 583 290 279
151 1 999 583 290 279
152 1 999 583 290 279
153 1 999 583 290 279
154 1 999 583 290 279
155 1 999 583 290 279
156 1 999 583 290 279
157 1 999 583 290 279
158 1 959 563 290 279
159 1 959 563 290 279
160 1 919 563 290 279
161 1 879 563 290 279
162 1 879 563 290 279
163 1 839 563 290 279
164 1 839 563 290 279
165 1 799 543 290 279
166 1 799 543 290 279
167 1 759 523 290 279
168 1 759 523 290 279
169 1 704 549 319 306
170 1 688 534 350 336
171 1 650 557 385 369
172 1 650 577 385 369
173 1 650 577 385 369
174 1 610 557 385 369
175 1 610 557 385 369
176 1 610 557 385 369
