88 1 1032 329 125 187
89 1 1026 320 137 205
90 1 999 310 150 225
91 1 999 310 150 225
92 1 999 310 150 225
93 1 999 310 150 225
94 1 999 290 150 225
95 1 999 290 150 225
96 1 999 290 150 225
97 1 971 259 165 247
98 1 979 271 148 222
99 1 979 271 148 222
100 1 952 240 162 244
101 1 952 260 162 244
102 1 944 228 178 268
103 1 944 248 178 268
104 1 915 235 195 294
105 1 915 235 195 294
106 1 915 255 195 294
107 1 885 240 214 323
108 1 896 236 192 290
109 1 886 241 211 319
110 1 897 257 189 287
111 1 897 277 189 287
112 1 906 331 170 258
113 1 914 324 153 232
114 1 886 332 168 255
115 1 886 332 168 255
116 1 866 352 168 255
117 1 866 352 168 255
118 1 846 372 168 255
119 1 838 359 184 280
120 1 847 393 165 252
121 1 839 400 181 277
122 1 848 414 162 249
123 1 876 446 145 224
124 1 863 497 130 201
125 1 889 487 117 180
126 1 895 496 105 162
127 1 890 508 115 178
128 1 896 517 103 160
129 1 896 517 103 160
130 1 911 529 113 176
131 1 917 538 101 158
132 1 917 538 101 158
133 1 932 530 111 173
134 1 932 530 111 173
135 1 932 530 111 173
136 1 926 521 122 190
137 1 926 521 122 190
138 1 926 521 122 190
139 1 926 521 122 190
140 1 946 521 122 190
141 1 960 531 134 209
142 1 967 541 120 188
143 1 981 532 132 206
144 1 994 522 145 226
145 1 987 531 159 248
146 1 999 539 174 272
147 1 999 559 174 272
148 1 1010 545 191 299
149 1 1020 560 171 269
150 1 1031 567 188 295
151 1 1031 567 188 295
152 1 1031 567 188 295
153 1 1031 587 188 295
154 1 1031 587 188 295
155 1 1031 587 188 295
156 1 1031 587 188 295
157 1 1022 552 206 324
158 1 1022 552 206 324
159 1 1012 536 226 356
160 1 1003 534 203 320
161 1 993 518 223 352
162 1 982 520 245 387
163 1 962 540 245 387
164 1 950 541 269 425
165 1 910 541 269 425
166 1 897 540 295 467
167 1 912 543 265 420
168 1 925 544 238 378
169 1 913 505 261 415
170 1 900 464 287 456
171 1 920 464 287 456
172 1 920 464 287 456
173 1 906 421 315 501
174 1 890 376 346 551
175 1 870 376 346 551
176 1 850 356 346 551
177 1 793 288 380 606
178 1 774 238 418 666
179 1 775 291 376 599
180 1 775 291 376 599
181 1 775 291 376 599
182 1 774 341 338 539
183 1 757 294 371 592
184 1 756 344 333 532
185 1 739 297 366 585
186 1 759 297 366 585
187 1 759 277 366 585
188 1 779 257 366 585
189 1 779 237 366 585
190 1 797 266 329 526
191 1 781 220 361 578
192 1 763 191 397 635
193 1 823 243 357 571
194 1 823 243 357 571
195 1 861 292 321 513
196 1 877 318 288 461
197 1 843 255 316 507
198 1 787 190 347 557
199 1 767 230 347 557
200 1 767 210 347 557
201 1 767 210 347 557
202 1 784 238 312 501
203 1 780 223 280 450
204 1 834 225 252 405
205 1 834 225 252 405
206 1 814 245 252 405
207 1 814 265 252 405
208 1 821 265 277 445
209 1 835 267 249 400
210 1 835 267 249 400
211 1 835 267 249 400
212 1 855 267 249 400
213 1 867 287 224 360
214 1 887 287 224 360
215 1 887 267 224 360
216 1 898 285 201 324
217 1 918 285 201 324
218 1 918 285 201 324
219 1 918 265 201 324
220 1 928 281 180 291
221 1 939 266 198 320
222 1 969 270 217 352
223 1 958 272 238 387
224 1 906 273 261 425
225 1 899 334 234 382
226 1 931 393 210 343
227 1 961 450 189 308
228 1 970 505 170 277
229 1 978 519 153 249
230 1 986 551 137 224
231 1 1006 591 137 224
232 1 1013 582 123 201
233 1 1013 602 123 201
234 1 1013 602 123 201
235 1 1013 602 123 201
236 1 1007 612 135 221
237 1 1000 561 148 243
238 1 993 529 162 267
239 1 993 529 162 267
240 1 985 516 178 293
241 1 985 516 178 293
242 1 985 516 178 293
243 1 985 516 178 293
244 1 965 516 178 293
245 1 996 481 195 322
246 1 1026 497 175 289
247 1 1026 497 175 289
248 1 1026 497 175 289
249 1 1006 517 175 289
250 1 1006 517 175 289
251 1 986 517 175 289
252 1 986 517 175 289
253 1 986 517 175 289
254 1 966 517 175 289
255 1 966 497 175 289
256 1 946 497 175 289
257 1 946 477 175 289
258 1 926 477 175 289
259 1 926 457 175 289
260 1 906 457 175 289
261 1 906 457 175 289
262 1 906 437 175 289
263 1 897 403 192 317
264 1 877 403 192 317
265 1 887 419 172 285
266 1 858 385 189 313
267 1 838 385 189 313
268 1 847 401 170 281
269 1 818 367 187 309
270 1 818 367 187 309
271 1 827 382 168 278
272 1 819 348 184 305
273 1 790 313 202 335
274 1 770 293 202 335
275 1 760 310 181 301
276 1 740 290 181 301
277 1 720 290 181 301
278 1 700 270 181 301
279 1 660 270 181 301
280 1 640 270 181 301
281 1 600 270 181 301
282 1 569 305 162 270
283 1 529 325 162 270
284 1 489 345 162 270
285 1 469 385 162 270
286 1 421 411 178 297
287 1 372 436 195 326
288 1 322 460 214 358
289 1 282 500 214 358
290 1 253 558 192 322
291 1 203 582 211 354
292 1 174 640 189 318
293 1 143 696 170 286
294 1 111 750 153 257
295 1 79 803 137 231
296 1 46 855 123 207
297 1 12 905 110 175
298 1 17 914 99 157
299 1 17 954 99 157
300 1 42 1002 89 78
301 1 86 986 80 70
302 1 90 969 72 63
303 1 114 932 64 56
304 1 154 912 64 56
305 1 197 935 57 50
306 1 240 977 51 45
307 1 263 979 45 40
308 1 261 937 49 44
309 1 223 899 44 39
310 1 265 941 39 35
311 1 287 963 35 31
