111 1 916 364 138 174
112 1 909 375 151 191
113 1 881 365 166 210
114 1 873 394 182 231
115 1 884 382 200 254
116 1 904 382 200 254
117 1 904 382 200 254
118 1 924 382 200 254
119 1 924 382 200 254
120 1 924 382 200 254
121 1 924 382 200 254
122 1 914 375 180 228
123 1 874 375 180 228
124 1 845 364 198 250
125 1 805 364 198 250
126 1 785 344 198 250
127 1 775 331 217 275
128 1 775 331 217 275
129 1 775 331 217 275
130 1 795 331 217 275
131 1 826 305 195 247
132 1 856 293 214 271
133 1 907 347 192 243
134 1 957 379 172 218
135 1 1006 370 154 196
136 1 1054 400 138 176
137 1 1094 400 138 176
138 1 1121 429 124 158
139 1 1167 457 111 142
140 1 1153 484 99 127
141 1 1138 490 89 114
142 1 1122 516 80 102
143 1 1098 511 88 112
144 1 1082 537 79 100
145 1 1078 552 86 110
146 1 1102 577 77 99
147 1 1082 577 77 99
148 1 1126 602 69 89
149 1 1146 622 69 89
150 1 1149 646 62 80
151 1 1169 666 62 80
152 1 1132 670 55 72
153 1 1109 646 60 79
154 1 1066 622 66 86
155 1 1069 606 59 77
156 1 1052 590 53 69
157 1 1009 587 58 75
158 1 989 567 58 75
159 1 969 527 58 75
160 1 972 571 52 67
161 1 975 574 46 60
162 1 975 534 46 60
163 1 955 494 46 60
164 1 955 474 46 60
165 1 977 517 41 54
166 1 979 560 36 48
167 1 961 602 32 43
168 1 941 642 32 43
169 1 901 642 32 43
170 1 901 642 32 43
171 1 901 642 32 43
172 1 901 642 32 43
173 1 861 622 32 43
174 1 861 622 32 43
175 1 861 622 32 43
176 1 861 622 32 43
177 1 821 602 32 43
178 1 821 602 32 43
179 1 841 602 32 43
180 1 821 582 32 43
181 1 821 582 32 43
182 1 821 582 32 43
183 1 821 562 32 43
184 1 863 564 28 38
185 1 882 522 30 41
186 1 863 504 27 36
187 1 904 546 24 32
188 1 943 564 26 35
189 1 982 582 28 38
190 1 1022 542 28 38
191 1 1062 542 28 38
192 1 1061 520 30 41
193 1 1102 482 27 36
194 1 1101 460 29 39
195 1 1102 422 26 35
196 1 1101 380 28 38
197 1 1102 422 25 34
198 1 1141 380 27 37
199 1 1142 342 24 33
200 1 1123 344 21 29
201 1 1084 345 18 26
202 1 1045 346 16 23
203 1 1066 367 14 20
204 1 1085 386 15 22
205 1 1064 425 16 24
206 1 1025 446 14 21
207 1 1065 466 14 21
208 1 1086 507 12 18
209 1 1105 546 13 19
210 1 1065 566 13 19
211 1 1084 605 14 20
212 1 1105 626 12 18
213 1 1144 645 13 19
214 1 1125 646 11 17
215 1 1146 667 9 15
216 1 1146 667 9 15
217 1 1166 687 9 15
218 1 1166 707 9 15
219 1 1206 708 8 13
220 1 1246 729 7 11
221 1 1226 728 7 12
222 1 1226 728 7 12
223 1 1226 727 7 13
224 1 1206 726 7 14
225 1 1206 727 6 12
226 1 1186 727 6 12
227 1 1226 768 5 10
228 1 1206 748 5 10
229 1 1186 768 4 9
230 1 1146 768 3 8
231 1 1166 788 2 7
232 1 1126 768 1 6
233 1 1106 768 1 6
234 1 1066 748 1 6
235 1 1046 748 1 6
236 1 1006 748 1 6
237 1 966 728 1 6
238 1 926 728 1 6
239 1 906 728 1 6
240 1 866 728 1 6
241 1 866 728 1 6
242 1 846 728 1 6
243 1 826 728 1 6
244 1 786 708 1 6
245 1 746 708 1 6
246 1 706 708 1 6
247 1 686 708 1 6
248 1 706 708 1 6
249 1 666 688 1 6
250 1 626 688 1 6
251 1 606 708 1 6
252 1 626 708 1 6
253 1 606 708 1 6
254 1 566 728 1 6
255 1 566 728 1 6
256 1 546 728 1 6
257 1 526 728 1 6
258 1 486 768 1 6
259 1 446 728 1 6
260 1 446 748 1 6
261 1 406 768 1 6
262 1 366 808 1 6
263 1 326 788 1 6
264 1 286 808 1 6
265 1 246 848 1 6
266 1 286 888 1 6
267 1 246 908 1 6
268 1 266 948 1 6
269 1 246 968 1 6
270 1 226 948 1 6
271 1 226 948 1 6
272 1 206 968 1 6
273 1 226 988 1 6
274 1 226 988 1 6
275 1 226 968 1 6
276 1 186 968 1 6
277 1 146 968 1 6
278 1 106 928 1 6
279 1 66 968 1 6
280 1 26 1008 1 6
281 1 66 988 1 6
282 1 86 988 1 6
283 1 46 1028 1 6
284 1 6 988 1 6
285 1 26 968 1 6
286 1 6 968 1 6
287 1 6 968 1 6
288 1 -14 968 1 6
289 1 -54 968 1 6
290 1 -74 968 1 6
291 1 -114 988 1 6
292 1 -114 988 1 6
293 1 -154 1008 1 6
294 1 -174 988 1 6
295 1 -194 988 1 6
296 1 -234 968 1 6
297 1 -214 968 1 6
298 1 0 948 1 6
299 1 0 908 1 6
300 1 20 908 1 6
301 1 60 928 1 6
302 1 100 928 1 6
303 1 120 928 1 6
304 1 80 968 1 6
305 1 60 988 1 6
306 1 60 988 1 6
307 1 20 1028 1 6
308 1 20 1048 1 6
309 1 20 1088 1 6
310 1 0 1048 1 6
311 1 20 1068 1 6
312 1 20 1028 1 6
