40 1 462 422 206 216
41 1 462 422 206 216
42 1 462 422 206 216
43 1 462 422 206 216
44 1 462 422 206 216
45 1 472 411 226 237
46 1 441 399 248 260
47 1 453 392 223 234
48 1 422 380 245 257
49 1 414 373 220 231
50 1 414 353 220 231
51 1 403 341 242 254
52 1 423 341 242 254
53 1 475 334 217 228
54 1 495 334 217 228
55 1 535 334 217 228
56 1 575 334 217 228
57 1 626 345 195 205
58 1 636 355 214 225
59 1 676 355 214 225
60 1 716 355 214 225
61 1 725 364 235 247
62 1 757 376 211 222
63 1 777 396 211 222
64 1 786 405 232 244
65 1 798 417 208 219
66 1 818 437 208 219
67 1 828 466 228 240
68 1 848 486 228 240
69 1 868 506 228 240
70 1 879 538 205 216
71 1 889 567 225 237
72 1 918 575 247 260
73 1 938 575 247 260
74 1 958 575 247 260
75 1 970 568 222 234
76 1 1021 560 199 210
77 1 1041 560 199 210
78 1 1051 589 218 231
79 1 1062 601 196 207
80 1 1062 621 196 207
81 1 1062 621 196 207
82 1 1062 621 196 207
83 1 1042 621 196 207
84 1 1032 631 176 186
85 1 1012 651 176 186
86 1 983 642 193 204
87 1 953 692 173 183
88 1 922 701 155 164
89 1 914 713 170 180
90 1 914 733 170 180
91 1 905 744 187 198
92 1 945 724 187 198
93 1 954 754 168 178
94 1 942 783 151 160
95 1 970 791 135 144
96 1 977 798 121 129
97 1 963 824 108 116
98 1 948 830 97 104
99 1 953 855 87 93
100 1 957 880 78 83
101 1 961 924 70 74
102 1 961 944 70 74
103 1 964 968 63 66
104 1 981 1005 69 72
105 1 984 1049 62 31
106 1 1007 1051 55 27
107 1 1007 1051 55 27
108 1 1047 1011 55 27
109 1 1084 990 60 29
110 1 1127 991 54 26
111 1 1124 990 59 28
112 1 1101 949 64 30
113 1 1121 909 64 30
114 1 1118 867 70 33
115 1 1121 869 63 29
116 1 1098 888 69 31
117 1 1075 906 75 34
118 1 1031 924 82 37
119 1 987 942 90 40
120 1 951 984 81 36
121 1 955 1006 72 32
122 1 939 988 64 28
123 1 939 988 64 28
124 1 936 987 70 30
125 1 936 987 70 30
126 1 899 988 63 27
127 1 896 987 69 29
128 1 893 986 75 31
129 1 857 1008 67 27
130 1 894 987 73 29
131 1 918 988 65 26
132 1 961 969 58 23
133 1 924 950 52 20
134 1 881 909 57 22
135 1 898 928 62 24
136 1 935 927 68 26
137 1 952 906 74 28
138 1 996 887 66 25
139 1 1033 866 72 27
140 1 1077 827 64 24
141 1 1097 787 64 24
142 1 1054 746 70 26
143 1 1074 706 70 26
144 1 1090 665 77 28
145 1 1054 626 69 25
146 1 1031 605 75 27
147 1 991 585 75 27
148 1 1007 584 82 29
149 1 1003 583 90 31
150 1 987 585 81 27
151 1 951 586 72 24
152 1 991 606 72 24
153 1 987 605 79 26
154 1 967 605 79 26
155 1 927 585 79 26
156 1 923 584 86 28
157 1 899 583 94 30
158 1 899 583 94 30
159 1 914 541 103 33
160 1 929 539 113 36
161 1 909 559 113 36
162 1 903 557 124 39
163 1 857 595 136 42
164 1 830 613 149 46
165 1 863 591 163 50
166 1 903 591 163 50
167 1 911 593 146 45
168 1 958 555 131 40
169 1 951 573 144 44
170 1 991 553 144 44
171 1 964 551 158 48
172 1 976 549 173 52
173 1 987 566 190 57
174 1 1036 549 171 51
175 1 1045 552 153 45
176 1 1057 550 168 49
177 1 1069 548 184 53
178 1 1078 551 165 47
179 1 1126 513 148 42
180 1 1159 491 162 46
181 1 1127 513 145 41
182 1 1140 511 159 45
183 1 1188 473 143 40
184 1 1168 493 143 40
185 1 1121 471 157 44
186 1 1109 473 141 39
187 1 1116 475 126 35
188 1 1122 477 113 31
189 1 1168 439 101 27
190 1 1123 478 111 29
191 1 1157 517 122 31
192 1 1163 519 109 27
193 1 1123 479 109 27
194 1 1138 498 119 29
